1 RSN139_TABAS_DAY-L1.txt 0.020000     1300 4.00000000
2 RSN143_TABAS_TAB-L1.txt 0.020000     1900 0.80559873
3 RSN286_ITALY_A-BIS000.txt 0.002900    14916 4.00000000
4 RSN1165_KOCAELI_IZT180.txt 0.005000     7000 3.12277618
5 RSN1511_CHICHI_TCU076-E.txt 0.005000    19000 1.64373227
6 RSN1521_CHICHI_TCU089-E.txt 0.005000    19000 2.75553609
7 RSN1541_CHICHI_TCU116-E.txt 0.005000    19000 3.18210493
8 RSN3750_CAPEMEND_LFS270.txt 0.005000     6736 2.49544991
9 RSN4848_CHUETSU_65011NS.txt 0.010000     6500 3.51190554
10 RSN4882_CHUETSU_65321NS.txt 0.010000    12500 4.00000000
11 RSN8166_DUZCE_498-NS.txt 0.004000    10001 4.00000000
12 RSN139_TABAS_DAY-T1.txt 0.020000     1300 4.00000000
13 RSN143_TABAS_TAB-T1.txt 0.020000     1900 0.80559873
14 RSN286_ITALY_A-BIS270.txt 0.002900    14916 4.00000000
15 RSN1165_KOCAELI_IZT090.txt 0.005000     7000 3.12277618
16 RSN1511_CHICHI_TCU076-N.txt 0.005000    19000 1.64373227
17 RSN1521_CHICHI_TCU089-N.txt 0.005000    19000 2.75553609
18 RSN1541_CHICHI_TCU116-N.txt 0.005000    19000 3.18210493
19 RSN3750_CAPEMEND_LFS360.txt 0.005000     6737 2.49544991
20 RSN4848_CHUETSU_65011EW.txt 0.010000     6500 3.51190554
21 RSN4882_CHUETSU_65321EW.txt 0.010000    12500 4.00000000
22 RSN8166_DUZCE_498-EW.txt 0.004000    10001 4.00000000
