-0.003663574000
-0.003661540000
-0.003664149000
-0.003683269000
-0.003658001000
-0.003619467000
-0.003721135000
-0.003738613000
-0.003454365000
-0.003322207000
-0.003444375000
-0.003387104000
-0.003369913000
-0.003657897000
-0.003592650000
-0.002867408000
-0.002699184000
-0.003289555000
-0.003327356000
-0.003012177000
-0.002283752000
-0.002256088000
-0.003000040000
-0.002713503000
-0.002485954000
-0.003402045000
-0.004185658000
-0.003610158000
-0.001633464000
-0.000285052200
-0.001011988000
-0.001706039000
-0.000871593700
0.000434687000
-0.001365527000
-0.006120739000
-0.006033658000
-0.000138654600
0.002296187000
-0.002350896000
-0.005241308000
-0.003689763000
-0.001495162000
-0.001054591000
-0.002473628000
-0.002266967000
-0.004610783000
-0.011392370000
-0.008271618000
0.007972056000
0.015217040000
0.002044810000
-0.005431389000
0.003885062000
0.008434963000
-0.000212236600
-0.005196069000
-0.003543308000
-0.003834956000
-0.001604814000
0.001733173000
0.004060052000
0.007483775000
0.005082308000
-0.003333926000
-0.003999906000
0.002006369000
0.002981205000
-0.002787046000
-0.005731591000
-0.004182554000
-0.005575467000
-0.007454025000
-0.000047598850
0.005578627000
-0.005729370000
-0.014836420000
-0.005823224000
0.004033730000
0.001948164000
-0.003286982000
-0.001190795000
-0.002791592000
-0.012085150000
-0.005960460000
0.012474850000
0.013074680000
-0.007720719000
-0.015155870000
0.002047150000
0.009717507000
0.001458003000
0.007687482000
0.016975120000
0.010621770000
-0.002029122000
-0.001608358000
0.005644064000
-0.003492922000
-0.017506640000
-0.010607230000
0.002980982000
-0.002845054000
-0.002045953000
0.011304940000
0.001495149000
-0.013131360000
-0.001137804000
0.011527180000
0.003468280000
-0.009003402000
-0.004519713000
0.007535862000
-0.007239253000
-0.021237410000
0.002703691000
0.022426150000
0.005177508000
-0.014968620000
-0.021504820000
-0.016397480000
-0.011127630000
-0.024631770000
-0.016315900000
-0.009456801000
-0.019209830000
-0.014214230000
0.002256436000
0.021171590000
0.029245960000
0.013601250000
-0.016298910000
-0.039152800000
-0.024976400000
0.026525430000
0.062293590000
0.058610640000
0.023900730000
-0.028936510000
-0.061209560000
-0.029453560000
0.023054850000
0.030108710000
0.005165943000
-0.014242940000
-0.008260218000
0.028910260000
0.056923810000
0.044525060000
0.013096570000
-0.015418020000
-0.023712150000
-0.004996805000
0.022770420000
0.027029800000
-0.002834606000
-0.035524440000
-0.044270750000
-0.028378450000
-0.000098300590
0.026699900000
0.026604440000
-0.011963340000
-0.044784540000
-0.030039600000
0.002319335000
0.018334740000
0.004914243000
-0.010317670000
-0.002694494000
-0.000374896500
-0.017289910000
-0.020964350000
0.001291830000
0.014474240000
0.007165691000
0.009532488000
0.014889600000
-0.010356990000
-0.026609000000
0.009048418000
0.039152630000
0.028484410000
0.007864718000
-0.011884560000
-0.033851160000
-0.035597290000
-0.007159183000
0.008748644000
0.000607105800
-0.014754240000
-0.030064950000
-0.028911870000
-0.024833510000
-0.032927210000
-0.028811400000
-0.001621675000
-0.002891984000
-0.041286450000
-0.058728210000
-0.059783250000
-0.057277630000
-0.030540360000
-0.002930648000
-0.004099633000
-0.018862670000
-0.027066710000
-0.016861460000
-0.007406857000
-0.019507310000
-0.036750770000
-0.049340560000
-0.070298530000
-0.086186940000
-0.067120740000
-0.016988940000
0.033477320000
0.047443980000
0.048655190000
0.082474870000
0.136371500000
0.172331500000
0.183921300000
0.186208100000
0.178807500000
0.139054900000
0.095905570000
0.118464600000
0.190466200000
0.232049700000
0.217810900000
0.186634000000
0.158230200000
0.140185400000
0.143214500000
0.153549300000
0.140113300000
0.081597670000
-0.008885838000
-0.088276700000
-0.110783500000
-0.128707800000
-0.173568300000
-0.183217800000
-0.158127100000
-0.181761700000
-0.241597400000
-0.243232700000
-0.172714000000
-0.117788100000
-0.119165300000
-0.145389200000
-0.153620700000
-0.133351100000
-0.078918480000
0.003015086000
0.043878180000
0.043896000000
0.084643560000
0.181647600000
0.252472400000
0.272439600000
0.263147900000
0.209514000000
0.113398500000
0.017719100000
-0.028779940000
-0.024345720000
-0.012034310000
-0.019555170000
-0.052568990000
-0.074950470000
-0.072533630000
-0.102504800000
-0.179203400000
-0.253246600000
-0.263108800000
-0.206303900000
-0.141589400000
-0.116836500000
-0.101489400000
-0.090793850000
-0.109317500000
-0.153417400000
-0.180704300000
-0.114200200000
-0.007116561000
0.021243760000
0.046396560000
0.121862100000
0.144137200000
0.103674100000
0.074171880000
0.110824300000
0.196543700000
0.214593500000
0.171992800000
0.143038300000
0.097623270000
0.027560380000
-0.021779260000
-0.001864033000
0.042523500000
0.009430975000
-0.071731840000
-0.128612400000
-0.121977900000
-0.065797050000
-0.027591400000
-0.008888986000
0.030956030000
0.034521140000
-0.027913710000
-0.048204310000
-0.007095378000
0.010518260000
-0.017135840000
-0.047336580000
-0.052923730000
-0.069429560000
-0.095680690000
-0.052343560000
0.030252860000
0.074309600000
0.082130250000
0.078008040000
0.038051620000
-0.018711540000
-0.032459800000
-0.009739374000
0.007103472000
0.032142920000
0.060831460000
0.047685030000
0.026176670000
0.032801230000
0.043328100000
0.025007710000
-0.051734260000
-0.131612400000
-0.164339100000
-0.157450900000
-0.110116200000
-0.049550950000
-0.000207944300
0.037468780000
0.034197000000
-0.016052630000
-0.069119710000
-0.110362500000
-0.118471300000
-0.057210530000
0.034649270000
0.086982870000
0.094700420000
0.080766390000
0.004721459000
-0.099119510000
-0.135235900000
-0.074832800000
-0.025986200000
-0.058404360000
-0.106862800000
-0.114661500000
-0.096624290000
-0.060501570000
-0.033714990000
-0.007422321000
0.023893470000
-0.031404830000
-0.101560000000
-0.071536500000
-0.029741400000
-0.004274850000
0.053015750000
0.095117730000
0.105699500000
0.073738400000
0.024052200000
0.030072650000
0.024408480000
-0.000105583400
0.057211820000
0.156282700000
0.222837600000
0.241129000000
0.203211300000
0.165474700000
0.207812400000
0.206649500000
0.115680200000
0.099615980000
0.138789500000
0.097525920000
0.074697940000
0.185516000000
0.274757800000
0.199379600000
0.039373720000
-0.025275320000
0.031085780000
0.059172780000
0.071643360000
0.068477630000
-0.079711710000
-0.264005000000
-0.378004400000
-0.324069000000
-0.075342440000
0.058170140000
-0.021494280000
-0.065218940000
-0.061929350000
-0.071390140000
0.004656610000
0.123478800000
0.234640800000
0.271674100000
0.095465550000
-0.088560800000
0.004888495000
0.138969900000
0.078884220000
-0.032645200000
-0.058970650000
-0.044598060000
-0.016148730000
0.002808698000
0.072336440000
0.110547800000
0.068323260000
0.063974910000
0.082382560000
0.080617640000
0.119620600000
0.176772000000
0.035061450000
-0.145757600000
-0.116705900000
-0.095040350000
-0.098609780000
0.075834610000
0.203733800000
0.036265200000
-0.121906100000
-0.082754280000
0.009462835000
0.069126050000
0.052034830000
0.060110820000
0.011056180000
-0.204778900000
-0.322165000000
-0.320929200000
-0.247883300000
0.026581240000
0.217334000000
0.184405500000
0.142870800000
0.126237600000
0.129461400000
0.157218700000
0.176369800000
0.193449300000
0.199778500000
0.089993190000
-0.030408490000
-0.057488220000
-0.038037130000
0.045780670000
0.178913700000
0.235062700000
0.182343100000
0.141187500000
0.087383340000
-0.022096650000
0.049124070000
0.219713700000
0.222681700000
0.194420500000
0.235763000000
0.125317300000
-0.070426520000
-0.121176000000
-0.084188350000
-0.114776900000
-0.155030700000
-0.140131000000
-0.166018300000
-0.289802200000
-0.388646200000
-0.297817900000
-0.149327700000
-0.089798520000
0.041960950000
0.189528900000
0.090903660000
-0.212713600000
-0.387636000000
-0.103267500000
0.361897400000
0.540731800000
0.556224300000
0.645290000000
0.599663400000
0.084522100000
-0.407488200000
-0.090182000000
0.411843700000
0.372150600000
0.151564600000
0.286802500000
0.454662100000
0.046745170000
-0.364164600000
-0.432323400000
-0.527771300000
-0.599233900000
-0.577902400000
-0.596631500000
-0.627327700000
-0.522358300000
-0.396654700000
-0.284879800000
-0.059665480000
0.135722100000
0.186873700000
0.321430300000
0.513259100000
0.635104200000
0.767274900000
0.603631000000
0.066356600000
-0.239665600000
-0.392255300000
-0.590408100000
-0.594121200000
-0.344653700000
0.174292300000
0.708088300000
0.572872400000
0.055303750000
-0.271285600000
-0.576227500000
-0.764635100000
-0.695313700000
-0.522273800000
-0.426845900000
-0.449040900000
-0.333548700000
0.173677900000
0.792222500000
0.861759100000
0.443010700000
-0.198510500000
-0.696695400000
-0.737876800000
-0.572346600000
-0.463704700000
-0.339216300000
-0.181981700000
-0.185132000000
-0.379647700000
-0.533771000000
-0.488151100000
-0.200442000000
0.092239080000
0.151959100000
-0.009103026000
-0.116955900000
0.030193480000
0.147308000000
0.020225890000
-0.133952500000
-0.144159900000
-0.117171000000
-0.094503110000
-0.019051470000
-0.015219010000
-0.132319300000
-0.167546700000
-0.111410500000
-0.131867800000
-0.102035900000
0.138556700000
0.248046800000
0.074804090000
-0.019995850000
0.009666481000
-0.107399800000
-0.282699700000
-0.331900800000
-0.315378400000
-0.335771400000
-0.319039800000
-0.107298600000
0.134083100000
0.228683900000
0.249659200000
0.130692800000
-0.136086600000
-0.275426200000
-0.264046900000
-0.260315700000
-0.210032400000
-0.101699400000
-0.015142710000
0.106504600000
0.232139700000
0.328882200000
0.424040800000
0.478949100000
0.451480700000
0.345085300000
0.221629100000
0.103406800000
-0.001258529000
0.025132740000
0.178502100000
0.258349900000
0.287324500000
0.323363000000
0.218852200000
0.016729120000
-0.226365300000
-0.415072700000
-0.384565700000
-0.201231200000
-0.093313350000
-0.143359000000
-0.228850800000
-0.288223700000
-0.348049300000
-0.307698800000
-0.004722170000
0.402179900000
0.447117600000
0.138332300000
-0.179558600000
-0.335290100000
-0.393003400000
-0.355480500000
-0.146847200000
0.202770800000
0.426136600000
0.375628900000
0.310552300000
0.253757400000
0.082016910000
0.040801510000
0.250496600000
0.358956900000
0.293872400000
0.230855800000
0.162022900000
0.091945870000
0.077388580000
0.116985200000
0.115772800000
0.055038410000
0.145740600000
0.372470300000
0.325922500000
0.094010650000
-0.081624360000
-0.161936900000
-0.188310200000
-0.217333100000
-0.184654600000
-0.090753020000
-0.074929100000
-0.100423100000
-0.176928500000
-0.388184800000
-0.586698800000
-0.578174400000
-0.260318800000
0.146377400000
0.363577700000
0.312751500000
0.192736700000
0.161086000000
0.133709900000
0.301343100000
0.634812000000
0.632040500000
0.364160400000
0.267939200000
0.335300900000
0.309260400000
0.171196400000
0.141665000000
0.270582600000
0.403454600000
0.415459500000
0.275508200000
0.115944100000
0.048831410000
-0.004727668000
-0.086167670000
-0.013884820000
0.222534100000
0.339654300000
0.378291600000
0.409533100000
0.277145700000
0.113128400000
0.176427800000
0.276757100000
0.227859500000
0.138412300000
0.095431240000
0.054750720000
-0.086234920000
-0.226549100000
-0.096870710000
0.157724700000
0.241502300000
0.195323200000
0.099778580000
0.054080090000
0.081212220000
0.027388470000
-0.089043620000
-0.158098200000
-0.241653700000
-0.366652700000
-0.300470200000
0.031873770000
0.248933200000
0.148496500000
-0.015225960000
-0.075324420000
-0.043715770000
0.055665290000
0.115226800000
0.090490110000
-0.000273941900
-0.184160300000
-0.312039000000
-0.222527400000
-0.086122490000
-0.033814400000
0.060558990000
0.147823800000
0.046205170000
-0.197112500000
-0.348915900000
-0.351827200000
-0.235503800000
-0.013607350000
0.206868800000
0.310191600000
0.245005900000
0.090446890000
-0.074167340000
-0.190071600000
-0.147152400000
0.002238376000
0.127065600000
0.148409900000
0.030891670000
-0.126516300000
-0.202137700000
-0.182723200000
-0.131137900000
-0.073287390000
-0.037933820000
-0.064871970000
-0.075000990000
-0.017423880000
-0.005044894000
-0.056227570000
-0.058323050000
-0.050982610000
-0.127149300000
-0.240594400000
-0.278123300000
-0.237868500000
-0.247063100000
-0.302095000000
-0.346773200000
-0.374119000000
-0.361037800000
-0.277299700000
-0.152459500000
-0.056252050000
0.056260140000
0.165144400000
0.090114940000
-0.099548150000
-0.094716010000
0.108953000000
0.197773700000
0.095902550000
0.003130344000
0.036972070000
0.104329500000
0.053075180000
0.011026690000
0.112114200000
0.152181300000
0.007721513000
-0.144599300000
-0.132049100000
-0.007840722000
0.047693890000
0.064512610000
0.099752480000
0.065680630000
-0.041532910000
-0.073125720000
0.024501660000
0.089090020000
0.083542400000
0.059758640000
0.010996210000
0.006060704000
0.017805790000
-0.057378660000
-0.136978900000
-0.088849370000
-0.021190470000
-0.075487780000
-0.148795600000
-0.123178900000
-0.092627770000
-0.161880300000
-0.232717800000
-0.196315500000
-0.082442790000
0.000869449900
0.020008660000
0.033199860000
0.071749770000
0.075436890000
-0.016696710000
-0.092169950000
-0.015314560000
0.113882200000
0.155872800000
0.119567900000
0.031553770000
-0.027483760000
-0.093777470000
-0.165755800000
-0.134584200000
-0.035258990000
-0.004012853000
0.013673370000
0.032544540000
-0.034544570000
-0.089639660000
-0.086492120000
-0.106034100000
-0.097552890000
0.030405590000
0.149128500000
0.145806800000
0.080913190000
0.017165070000
-0.004974619000
0.024496560000
0.045572150000
0.075801030000
0.120994700000
0.148139700000
0.167668300000
0.154568700000
0.079993250000
0.007839384000
-0.042320920000
-0.074173380000
-0.064626740000
-0.044315880000
-0.084579990000
-0.129528000000
-0.086860040000
0.003197830000
0.058776490000
0.029050470000
-0.044282460000
-0.098459630000
-0.146902700000
-0.225624300000
-0.238821500000
-0.098230520000
0.037845050000
0.031525990000
-0.014503450000
0.008235146000
0.030011530000
0.018436800000
-0.022339670000
-0.085441850000
-0.092951540000
-0.073710790000
-0.048505690000
-0.012034050000
0.027782160000
0.054487960000
0.038772840000
-0.009426722000
-0.033232750000
-0.068531190000
-0.153883400000
-0.142882100000
0.009889086000
0.041252160000
-0.098960630000
-0.137241200000
-0.088242600000
-0.124577900000
-0.225006300000
-0.181188600000
0.014969490000
0.108107600000
0.080586770000
0.061785530000
0.066068530000
0.043107950000
0.046926780000
0.136666800000
0.202019100000
0.256339200000
0.294686400000
0.244193900000
0.188088300000
0.169285200000
0.178108000000
0.189117100000
0.192072300000
0.246653200000
0.298355700000
0.222663000000
0.058785170000
0.016256800000
0.111935400000
0.153841600000
0.106125600000
-0.009436013000
-0.132712700000
-0.136983200000
-0.057865810000
-0.005228877000
0.061845280000
0.154651300000
0.170939100000
0.099195240000
0.015665130000
-0.079325300000
-0.167654700000
-0.115962700000
0.019557330000
0.016095740000
-0.026018680000
0.007220990000
-0.044345180000
-0.153834800000
-0.127076900000
-0.055100040000
-0.075635800000
-0.115096800000
-0.047142860000
0.138635300000
0.258564700000
0.199138200000
0.121962200000
0.166036800000
0.122705700000
-0.071323570000
-0.059531780000
0.033910720000
-0.068126180000
-0.124954100000
0.032041680000
0.213260600000
0.298976600000
0.253648400000
0.137694500000
0.082224330000
-0.007851458000
-0.152926600000
-0.207031900000
-0.127231300000
-0.043874580000
-0.019775990000
0.024231560000
0.083647660000
0.065673020000
-0.008341325000
-0.027449490000
-0.001360635000
0.017669610000
-0.052508910000
-0.142590300000
-0.135926500000
-0.119747200000
-0.134493500000
-0.122156400000
-0.117220700000
-0.079802170000
0.063112810000
0.225258100000
0.285351300000
0.230437800000
0.106597000000
-0.018386030000
-0.070487980000
-0.075529350000
-0.054403210000
-0.022702280000
0.009484718000
0.047603860000
0.027333340000
-0.111005400000
-0.239965000000
-0.182901600000
-0.045104900000
-0.004382669000
-0.016001920000
0.067817260000
0.047074460000
-0.222418600000
-0.401250000000
-0.293256300000
-0.124254000000
-0.067576990000
-0.055815620000
-0.006937102000
0.002078347000
-0.083269930000
-0.187731100000
-0.213067400000
-0.163917700000
-0.146422200000
-0.085044390000
0.017690680000
0.010453120000
-0.045343360000
-0.019818400000
0.001976983000
-0.095606750000
-0.158061500000
-0.081830510000
-0.031208440000
-0.040559930000
0.022658190000
0.125844600000
0.158097900000
0.081562230000
-0.048871180000
-0.139950400000
-0.100890100000
-0.004697351000
0.029301360000
0.011267550000
-0.030911900000
-0.030580800000
0.040550890000
0.099356990000
0.104600700000
0.076207130000
0.043170420000
0.032164900000
0.045895920000
0.046641350000
0.011423350000
-0.013822260000
-0.008096831000
-0.001642483000
0.016953870000
0.060229090000
0.120960000000
0.129166900000
0.089427600000
0.073689130000
0.072070740000
0.044113940000
-0.005433404000
-0.077535650000
-0.146123300000
-0.149396400000
-0.105218700000
-0.030462480000
0.063548950000
0.108946100000
0.122077500000
0.107130600000
0.011612930000
-0.121149800000
-0.160898000000
-0.049262700000
0.004377143000
-0.061354140000
-0.059708740000
-0.021098880000
-0.051297220000
-0.084425050000
-0.029927450000
0.043265260000
0.004010479000
-0.088470090000
-0.078156370000
-0.052804090000
-0.080291050000
-0.073406160000
-0.052988160000
-0.071535110000
-0.109770100000
-0.139573600000
-0.151904700000
-0.096846760000
0.056520160000
0.199778000000
0.223486400000
0.149344600000
0.053342490000
-0.016671360000
-0.019062430000
0.062570350000
0.149555800000
0.201328800000
0.229570400000
0.219416800000
0.164467300000
0.108180300000
0.059995100000
0.002216631000
-0.042546830000
-0.012267140000
0.059945990000
0.084154310000
0.120749500000
0.183683700000
0.182726500000
0.111608500000
0.079460310000
0.076763610000
0.012078710000
-0.096843350000
-0.137884800000
-0.081428480000
-0.052421770000
-0.084220460000
-0.083518950000
-0.071988820000
-0.122717000000
-0.190374700000
-0.204757700000
-0.165475000000
-0.074340880000
0.045255750000
0.121010500000
0.073218000000
0.006403262000
0.031680910000
0.092677590000
0.117999000000
0.109800000000
0.086085220000
0.028575120000
-0.047020000000
-0.042409070000
0.059116220000
0.150291200000
0.195362900000
0.223611700000
0.212084900000
0.148645200000
0.101837900000
0.109876700000
0.105024000000
0.063382760000
0.031159600000
-0.009420346000
-0.073267900000
-0.087423670000
-0.061016310000
-0.092787390000
-0.071688500000
0.068123450000
0.117321000000
0.023734890000
-0.048613130000
-0.052389210000
-0.061740740000
-0.052421850000
0.028947370000
0.097096290000
0.054426150000
-0.028857420000
-0.045633810000
-0.007900790000
0.023257600000
0.040645200000
0.070960720000
0.095031410000
0.054143030000
-0.033155590000
-0.057971620000
-0.000510749900
0.038570910000
0.025228910000
0.019636120000
0.052765740000
0.064648810000
0.071563380000
0.117671000000
0.119818300000
0.037541020000
-0.040302970000
-0.085264470000
-0.098041490000
-0.081090660000
-0.033130160000
0.043674550000
0.090426460000
0.072881040000
0.036492570000
0.020176580000
0.001756198000
-0.048363220000
-0.100018200000
-0.128539300000
-0.142470700000
-0.166149000000
-0.188094300000
-0.165955700000
-0.102790100000
-0.025392900000
0.037850950000
0.053214650000
0.015624690000
-0.046578970000
-0.115327700000
-0.169760300000
-0.178252600000
-0.149529900000
-0.115523900000
-0.078951160000
-0.064482340000
-0.101420000000
-0.120340200000
-0.080701110000
-0.050909200000
-0.049209960000
-0.038403920000
-0.030087480000
-0.061894420000
-0.111284900000
-0.110869700000
-0.054459870000
-0.016607530000
-0.008220523000
-0.002952913000
-0.002486824000
-0.010999780000
-0.014575400000
0.010148020000
0.055722170000
0.089912160000
0.088181060000
0.047742050000
0.004915108000
-0.011737280000
-0.019737460000
-0.023210660000
-0.017847340000
-0.023324270000
-0.044024290000
-0.028573290000
0.035227180000
0.061067260000
0.041181680000
0.038916860000
0.052457770000
0.044796990000
0.024516870000
0.009811384000
0.003509318000
0.001922104000
-0.002266481000
0.004626361000
0.014791810000
0.001073462000
-0.036569620000
-0.060180480000
-0.041625270000
-0.026657800000
-0.045349330000
-0.048697900000
-0.006992851000
0.008746082000
-0.034140280000
-0.063431500000
-0.063041260000
-0.062240270000
-0.049205190000
-0.003233045000
0.039221360000
0.033426450000
0.013964230000
0.002513369000
-0.010869260000
-0.014851220000
0.005597179000
0.030642400000
0.052692780000
0.065577000000
0.065363010000
0.063739790000
0.049557620000
0.009849354000
-0.034430510000
-0.016412480000
0.046652310000
0.052483770000
0.049934120000
0.094768510000
0.088188110000
0.015023800000
0.001875105000
0.050818650000
0.071897430000
0.075393410000
0.094857300000
0.088027200000
0.046176890000
0.040501580000
0.056270420000
0.026807830000
-0.010335200000
-0.006448610000
-0.006706779000
-0.000059018330
0.068819120000
0.106683300000
0.047205110000
-0.022239210000
-0.060164790000
-0.069189460000
-0.038977650000
0.011755250000
0.070327790000
0.108767300000
0.098850020000
0.059595940000
0.026250890000
0.020067490000
0.029644020000
0.047789340000
0.075765330000
0.080916840000
0.028656900000
-0.044398860000
-0.052646720000
0.014653970000
0.059741870000
0.073061170000
0.100256200000
0.122010400000
0.105535100000
0.083260910000
0.091260140000
0.098432680000
0.068573480000
0.016664480000
-0.011548900000
0.004598859000
0.021140170000
0.002524808000
-0.014945260000
0.001279726000
0.015195650000
0.007804816000
0.006770535000
0.005385205000
-0.002006878000
-0.014387440000
-0.060463870000
-0.109312300000
-0.073286040000
0.027128740000
0.077362040000
0.069622650000
0.049791310000
0.032674480000
0.005774086000
-0.032846500000
-0.062234700000
-0.065317950000
-0.060629570000
-0.064751830000
-0.052909440000
-0.019066470000
0.014551260000
0.020882580000
0.009005873000
0.023847680000
0.026966850000
-0.024147810000
-0.078069680000
-0.092596540000
-0.069356680000
-0.041424320000
-0.020186720000
-0.002671177000
-0.031493300000
-0.094524300000
-0.103209900000
-0.068762350000
-0.035995430000
0.001851084000
0.040839750000
0.060512820000
0.049582010000
0.018559570000
-0.017459530000
-0.029952400000
-0.001869569000
0.032603450000
0.034655770000
0.039505020000
0.078585560000
0.084903170000
0.011665430000
-0.060473790000
-0.063665030000
-0.057347980000
-0.084421940000
-0.087742800000
-0.047420060000
-0.030678060000
-0.036060130000
-0.016599590000
0.017811700000
0.017688320000
-0.029096740000
-0.082149650000
-0.116146300000
-0.124659700000
-0.111701500000
-0.076407330000
-0.034608810000
-0.007507873000
0.003489066000
0.002824414000
-0.016493580000
-0.051718210000
-0.077882090000
-0.084274430000
-0.089607110000
-0.072198250000
-0.010264750000
0.042227170000
0.045678170000
0.017183150000
0.007818078000
0.014768020000
0.021892930000
0.035701200000
0.038260450000
0.018512930000
-0.009460702000
-0.034041230000
-0.055820720000
-0.072226440000
-0.074457660000
-0.073117550000
-0.080228170000
-0.070350900000
-0.032685190000
-0.025993470000
-0.056335330000
-0.058414380000
-0.037288920000
-0.034504160000
-0.049032180000
-0.056370710000
-0.045808030000
-0.032701450000
-0.032837340000
-0.023412590000
-0.009679692000
-0.022082700000
-0.035637640000
-0.032154060000
0.004787130000
0.051505220000
0.047377580000
-0.004979230000
-0.008065932000
0.032726240000
0.048223830000
0.047448170000
0.074583360000
0.114933000000
0.108005200000
0.063818410000
0.056700760000
0.061601220000
0.028313770000
-0.021443580000
-0.057111900000
-0.052569830000
-0.008408271000
0.023013670000
0.025098640000
0.019699550000
0.004979225000
-0.023480220000
-0.044935560000
-0.035945450000
-0.010763300000
0.002482932000
-0.000648462000
-0.015316240000
-0.040774610000
-0.058947640000
-0.043286060000
-0.002330426000
0.034485370000
0.053303960000
0.059159980000
0.062651900000
0.067085550000
0.064115240000
0.051456110000
0.043201000000
0.040988000000
0.037197830000
0.039362140000
0.046084280000
0.040593040000
0.013024290000
-0.004515403000
0.006335165000
0.005992199000
-0.006103291000
0.008189486000
0.030270330000
0.026977690000
0.019304070000
0.014110010000
-0.003833483000
-0.020952470000
-0.022928800000
-0.021642400000
-0.030049880000
-0.035820920000
-0.019370870000
0.008267795000
0.020361110000
0.014694360000
0.013711970000
0.015303610000
0.006469572000
0.005109396000
0.012830610000
0.014186730000
0.006330622000
-0.008958543000
-0.025091370000
-0.027262700000
-0.015343040000
-0.000167386700
0.013167620000
0.023039700000
0.028032520000
0.025477060000
0.017869540000
0.015377710000
0.012812770000
-0.002682769000
-0.014521040000
-0.004874574000
0.003273141000
-0.006044901000
-0.010985230000
-0.000769519100
0.003053211000
-0.007695591000
-0.011489500000
-0.004127216000
-0.003278189000
-0.002973440000
0.005914047000
0.011494430000
0.010272810000
0.011563590000
0.014023710000
0.009509688000
0.004204009000
0.004688061000
0.006326607000
0.007746322000
0.011369160000
0.013013400000
0.010221230000
0.006335229000
0.004083009000
0.004027906000
0.006203291000
0.010242320000
0.012656060000
0.009713691000
0.005403278000
0.004280931000
0.003912106000
0.002405435000
0.001369045000
0.001713185000
0.002506229000
0.003173776000
0.003208720000
0.002364783000
0.001741860000
0.001309077000
0.000256445400
-0.000535834300
-0.000091267600
0.000645278200
0.000658692600
0.000240073900
-0.000094368680
-0.000272303300
-0.000345612900
-0.000496094000
-0.000808824600
-0.001221928000
-0.001717740000
-0.002203629000
-0.002538465000
-0.002770227000
-0.003047440000
-0.003365097000
-0.003670369000
-0.003979214000
-0.004297317000
-0.004597866000
-0.004873368000
-0.005135868000
-0.005388964000
-0.005630954000
-0.005860098000
-0.006074271000
-0.006272439000
-0.006454670000
-0.006620956000
0.000000000000
0.000000000000
0.000000000000
0.000000000000
0.000000000000
0.000000000000
0.000000000000
0.000000000000
0.000000000000
0.000000000000
0.000000000000
0.000000000000
0.000000000000
0.000000000000
0.000000000000
0.000000000000
0.000000000000
0.000000000000
0.000000000000
0.000000000000
0.000000000000
0.000000000000
0.000000000000
0.000000000000
0.000000000000
0.000000000000
0.000000000000
0.000000000000
0.000000000000
0.000000000000
0.000000000000
0.000000000000
0.000000000000
0.000000000000
0.000000000000
0.000000000000
0.000000000000
0.000000000000
0.000000000000
0.000000000000
0.000000000000
0.000000000000
0.000000000000
0.000000000000
0.000000000000
0.000000000000
0.000000000000
0.000000000000
0.000000000000
0.000000000000
0.000000000000
0.000000000000
0.000000000000
0.000000000000
0.000000000000
0.000000000000
0.000000000000
0.000000000000
0.000000000000
0.000000000000
0.000000000000
0.000000000000
0.000000000000
0.000000000000
0.000000000000
0.000000000000
0.000000000000
0.000000000000
0.000000000000
0.000000000000
0.000000000000
0.000000000000
0.000000000000
0.000000000000
0.000000000000
0.000000000000
0.000000000000
0.000000000000
0.000000000000
0.000000000000
0.000000000000
0.000000000000
0.000000000000
0.000000000000
0.000000000000
0.000000000000
0.000000000000
0.000000000000
0.000000000000
0.000000000000
0.000000000000
0.000000000000
0.000000000000
0.000000000000
0.000000000000
0.000000000000
0.000000000000
0.000000000000
0.000000000000
0.000000000000
0.000000000000
0.000000000000
0.000000000000
0.000000000000
0.000000000000
0.000000000000
0.000000000000
0.000000000000
0.000000000000
0.000000000000
0.000000000000
0.000000000000
0.000000000000
0.000000000000
0.000000000000
0.000000000000
0.000000000000
0.000000000000
0.000000000000
0.000000000000
0.000000000000
0.000000000000
0.000000000000
0.000000000000
0.000000000000
0.000000000000
0.000000000000
0.000000000000
0.000000000000
0.000000000000
0.000000000000
0.000000000000
0.000000000000
0.000000000000
0.000000000000
0.000000000000
0.000000000000
0.000000000000
0.000000000000
0.000000000000
0.000000000000
0.000000000000
0.000000000000
0.000000000000
0.000000000000
0.000000000000
0.000000000000
0.000000000000
0.000000000000
0.000000000000
0.000000000000
0.000000000000
0.000000000000
0.000000000000
0.000000000000
0.000000000000
0.000000000000
0.000000000000
0.000000000000
0.000000000000
0.000000000000
0.000000000000
0.000000000000
0.000000000000
0.000000000000
0.000000000000
0.000000000000
0.000000000000
0.000000000000
0.000000000000
0.000000000000
0.000000000000
0.000000000000
0.000000000000
0.000000000000
0.000000000000
0.000000000000
0.000000000000
0.000000000000
0.000000000000
0.000000000000
0.000000000000
0.000000000000
0.000000000000
0.000000000000
0.000000000000
0.000000000000
0.000000000000
0.000000000000
0.000000000000
0.000000000000
0.000000000000
0.000000000000
0.000000000000
0.000000000000
0.000000000000
0.000000000000
0.000000000000
0.000000000000
0.000000000000
0.000000000000
0.000000000000
0.000000000000
0.000000000000
0.000000000000
0.000000000000
0.000000000000
0.000000000000
0.000000000000
0.000000000000
0.000000000000
0.000000000000
0.000000000000
0.000000000000
0.000000000000
0.000000000000
0.000000000000
0.000000000000
0.000000000000
0.000000000000
0.000000000000
0.000000000000
0.000000000000
0.000000000000
0.000000000000
0.000000000000
0.000000000000
0.000000000000
0.000000000000
0.000000000000
0.000000000000
0.000000000000
0.000000000000
0.000000000000
0.000000000000
0.000000000000
0.000000000000
0.000000000000
0.000000000000
0.000000000000
0.000000000000
0.000000000000
0.000000000000
0.000000000000
0.000000000000
0.000000000000
0.000000000000
0.000000000000
0.000000000000
0.000000000000
