-0.009722842000
-0.009791733000
-0.009793887000
-0.009635913000
-0.009652314000
-0.009757458000
-0.009275158000
-0.008813517000
-0.009522396000
-0.009627496000
-0.007195264000
-0.006255206000
-0.009055674000
-0.009835917000
-0.006796479000
-0.004689434000
-0.006488787000
-0.008607691000
-0.006048309000
-0.003482515000
-0.004892737000
-0.005628868000
-0.002501703000
-0.000008863351
-0.003978756000
-0.004973314000
0.002958889000
0.004844265000
-0.003279376000
-0.004318609000
0.004207771000
0.005714946000
0.003626387000
0.006239092000
0.002696381000
-0.005278375000
-0.002507205000
0.010534230000
0.014841920000
-0.000683434400
-0.012722660000
0.005584633000
0.027449010000
0.016957920000
-0.001413400000
0.000756509000
0.006165412000
0.006063577000
0.013990460000
0.026317660000
0.019857290000
-0.004140246000
-0.007983968000
0.012710570000
0.021728720000
0.005297264000
-0.015955970000
-0.021620380000
-0.009012784000
0.008751491000
0.015478980000
0.006207941000
-0.006774189000
0.020176080000
0.052818280000
0.015569800000
-0.007477692000
0.013748640000
0.027318600000
0.026113930000
0.029304340000
0.023531840000
-0.014096110000
-0.045857200000
-0.025951480000
0.030823110000
0.071352290000
0.048371050000
-0.031881760000
-0.073674310000
-0.006697345000
0.065670810000
0.026178610000
-0.043710660000
-0.037398830000
0.003614271000
0.024724790000
0.034997390000
0.049775470000
0.063326750000
0.057308050000
0.027796660000
0.001745250000
0.006315240000
0.021533490000
-0.012944050000
-0.080702070000
-0.088331530000
-0.003972184000
0.105261100000
0.092129270000
-0.053591870000
-0.107449100000
-0.003307725000
0.079292610000
0.046789970000
-0.019099570000
-0.029331370000
0.021449290000
0.061649310000
0.039796620000
-0.021438260000
-0.066995410000
-0.056787600000
-0.014517320000
0.015642090000
0.011524830000
-0.010448840000
-0.021476210000
-0.022629750000
-0.021497130000
-0.019863270000
-0.011020590000
-0.000941659900
0.005304259000
0.016896940000
0.030110130000
0.012179100000
-0.042302260000
-0.076970790000
-0.051466900000
0.003153433000
0.024451430000
-0.013044720000
-0.055887780000
-0.072650960000
-0.074748220000
-0.061394420000
-0.039612730000
-0.025871210000
-0.024408160000
-0.030617370000
-0.030767690000
-0.038816800000
-0.071582150000
-0.090058390000
-0.052399560000
0.018630190000
0.062715660000
0.045657550000
0.017674480000
0.036592800000
0.076329330000
0.084299680000
0.057392210000
0.051196070000
0.089787310000
0.132388500000
0.122569600000
0.076816090000
0.053281720000
0.061777790000
0.066014980000
0.063119430000
0.073414190000
0.078105910000
0.043130330000
-0.012865020000
-0.041935330000
-0.053656170000
-0.078954660000
-0.089848990000
-0.084513990000
-0.105676800000
-0.121487700000
-0.081051960000
-0.018354450000
0.032154070000
0.049971880000
0.024197390000
-0.038241790000
-0.093322480000
-0.092801760000
-0.067481980000
-0.084885500000
-0.132553800000
-0.140401300000
-0.088048340000
-0.036873690000
-0.050592000000
-0.093087820000
-0.069749510000
-0.000212120200
0.033591390000
0.032551270000
0.043707660000
0.060577980000
0.036464060000
0.002946589000
0.023253580000
0.086651300000
0.107197300000
0.012585290000
-0.095946780000
-0.095091620000
-0.030770450000
0.023267890000
0.020504390000
-0.011178730000
-0.010637050000
-0.008399784000
-0.056543410000
-0.102341100000
-0.078918500000
0.011688500000
0.099093540000
0.138411800000
0.155341500000
0.148691600000
0.071771870000
-0.042778400000
-0.090369610000
-0.083128170000
-0.090125120000
-0.122040500000
-0.159124500000
-0.173235000000
-0.141360400000
-0.130613800000
-0.153729500000
-0.057713340000
0.113967600000
0.103213800000
0.024599270000
0.096953540000
0.244336700000
0.368206800000
0.409375000000
0.309410700000
0.144763000000
0.087628710000
0.127626000000
0.111166200000
0.023873760000
-0.059202140000
-0.126590500000
-0.156330300000
-0.170970200000
-0.189042300000
-0.231988700000
-0.254714800000
-0.187500200000
-0.038357850000
0.168611500000
0.267514800000
0.216377300000
0.147833900000
0.091393460000
0.089577240000
0.125103300000
0.117145300000
0.044212710000
0.089215690000
0.174022400000
0.037738430000
-0.025725870000
0.066425950000
0.073777720000
-0.033155850000
-0.114653200000
-0.080263740000
0.035160270000
0.107727400000
0.063220650000
-0.029592890000
-0.116842100000
-0.164355700000
-0.115070500000
-0.031345990000
-0.018700000000
-0.069382160000
-0.092745280000
-0.070443190000
-0.043622340000
-0.011863710000
-0.006259956000
-0.055454360000
-0.087884430000
-0.066750260000
-0.008805253000
0.055889440000
0.117748800000
0.144065700000
0.057134650000
-0.079160340000
-0.129058700000
-0.079387800000
0.025011000000
0.080146000000
0.065681760000
0.041489330000
0.015698700000
0.005094618000
-0.011622450000
-0.035851740000
-0.037726770000
-0.057351930000
-0.066461240000
-0.017980960000
0.028292490000
0.043985410000
0.014242360000
-0.065408410000
-0.119502400000
-0.108531900000
-0.015010160000
0.038247750000
-0.013296440000
-0.043310770000
-0.004833643000
0.015422170000
0.014741430000
0.034187930000
0.006076689000
-0.050239310000
-0.072514150000
-0.065971290000
-0.039325310000
0.007205909000
-0.001769609000
-0.065431260000
-0.090729910000
-0.067541190000
-0.046347840000
-0.058140970000
-0.090327840000
-0.124511600000
-0.116888600000
-0.061128220000
0.005214316000
0.013224640000
-0.038184530000
-0.026176110000
0.015860760000
-0.013821130000
0.045063420000
0.145595500000
0.210328300000
0.284139100000
0.336644300000
0.337517200000
0.174831800000
0.074153450000
0.100932700000
0.008527305000
-0.070298900000
-0.024405660000
0.050001120000
0.005260452000
-0.076163150000
-0.043482310000
0.034199560000
0.089508690000
0.078013810000
-0.029411310000
-0.096095010000
-0.043967280000
0.001421606000
-0.017628770000
-0.058592240000
-0.089034580000
-0.068601080000
-0.047484850000
-0.021851970000
0.046876120000
0.041271270000
-0.048428590000
-0.108535400000
-0.103076300000
-0.066631180000
-0.041425260000
-0.037452940000
0.052617030000
0.137208400000
0.118752200000
0.099230730000
0.081787880000
0.035835500000
0.017051060000
-0.025855700000
-0.065785140000
-0.086099250000
-0.102465500000
-0.107611500000
-0.107705500000
-0.068482620000
0.006283070000
0.075893300000
0.076894380000
-0.032106360000
-0.129296800000
-0.142882500000
-0.149217500000
-0.154387700000
-0.128655900000
-0.078268550000
-0.061381670000
-0.015928490000
0.037066350000
0.040045760000
0.016363040000
0.007796255000
0.013552340000
-0.020537730000
-0.045785500000
0.002639146000
0.086209380000
0.122474300000
0.087600960000
0.066406050000
0.042771510000
0.007024946000
0.007711170000
0.027948940000
0.053573980000
0.097008050000
0.102081300000
0.034588000000
-0.043338570000
-0.083693100000
-0.042340830000
0.033645260000
0.032263120000
-0.002053199000
0.050320480000
0.095997300000
0.056083680000
0.019861290000
0.042200140000
0.092375340000
0.087419280000
0.061912480000
0.084999820000
0.051811630000
-0.017360900000
-0.053042510000
-0.101525800000
-0.158738100000
-0.153404100000
-0.086260110000
0.039142090000
0.115132000000
0.032988880000
-0.048477530000
-0.079676970000
-0.120769600000
-0.063074260000
0.051271980000
0.085832620000
0.029747410000
-0.017486750000
0.012995630000
0.042093650000
0.007154315000
-0.010741470000
0.017097850000
0.064065130000
0.034170830000
-0.066703740000
-0.049848140000
0.020374950000
-0.022549210000
-0.064680820000
0.007552413000
0.089402110000
0.089227000000
0.032848320000
-0.050603530000
-0.152406500000
-0.155582100000
0.004186598000
0.165662000000
0.145041300000
0.018645880000
-0.003093853000
0.014945300000
-0.053524070000
-0.095665250000
-0.076794420000
-0.108119800000
-0.113186200000
-0.015916450000
0.053584350000
0.052581530000
0.063014150000
0.056141790000
0.013475020000
0.042778160000
0.090142550000
0.009392945000
0.013594230000
0.125900900000
-0.029254950000
-0.088060890000
0.039490250000
0.062434930000
0.073616640000
0.146104000000
0.198408500000
0.126933800000
-0.030359820000
-0.099610400000
-0.053411560000
-0.025487190000
0.003441611000
0.042186740000
0.013622130000
-0.045844150000
0.002108134000
0.023297550000
-0.022779780000
-0.044549460000
-0.038350650000
-0.011409430000
-0.000316448900
-0.017133140000
-0.053098290000
-0.062295670000
-0.035401970000
0.012723910000
0.032935980000
0.026780950000
0.006361614000
-0.014376930000
-0.037267930000
-0.031061130000
-0.009075072000
-0.056646970000
-0.066261200000
0.016507130000
0.046498970000
0.016361450000
0.014105740000
0.059156690000
0.066436510000
-0.004236435000
-0.059292940000
-0.054558570000
-0.048252070000
-0.017527740000
0.031461610000
0.044281180000
-0.006836100000
-0.025674560000
0.005437964000
-0.002373930000
-0.015655430000
-0.008698575000
0.022831250000
0.032991930000
0.006395836000
0.010368320000
0.021156120000
-0.021477080000
-0.048466570000
0.002966011000
0.031206140000
-0.007421632000
-0.033863520000
-0.012335530000
-0.024627880000
-0.047564580000
-0.040730850000
-0.061318710000
-0.089547230000
-0.076311900000
-0.042799240000
-0.027636510000
-0.049842930000
-0.064499900000
-0.072143790000
-0.089065580000
-0.083373710000
-0.050337940000
-0.014647290000
-0.021689720000
-0.058669560000
-0.047916570000
-0.027016940000
-0.051603220000
-0.064713720000
-0.028875980000
0.009772568000
0.017248310000
0.032458530000
0.081680140000
0.039552660000
0.006486773000
0.183679800000
0.271858000000
0.100781300000
-0.074895510000
-0.072718800000
0.041007560000
0.136407700000
0.184786100000
0.155459200000
0.097829720000
0.100668700000
0.071589100000
-0.002532473000
-0.001573269000
0.069413260000
0.044006440000
-0.069457170000
-0.119004500000
-0.103823700000
-0.067206520000
-0.028651760000
0.026918300000
0.035957360000
-0.049571620000
-0.112738000000
-0.093324530000
-0.017275090000
0.026693610000
0.034260860000
0.051385390000
0.087008240000
0.081664810000
0.021856480000
-0.036653760000
-0.080918390000
-0.057911300000
-0.009904570000
-0.029802890000
-0.102797700000
-0.156798200000
-0.116883400000
-0.011068220000
-0.010045170000
-0.120043300000
-0.071156040000
0.079864600000
0.091577310000
0.041903870000
0.039366330000
0.055539820000
0.025537270000
-0.003216529000
0.044051460000
0.108355200000
0.127327300000
0.128382700000
0.121052800000
0.082674230000
0.024774450000
-0.043560200000
-0.078905980000
-0.014230190000
0.070999060000
0.061558410000
-0.055592500000
-0.142567000000
-0.092701840000
-0.038145890000
-0.045729180000
-0.053418100000
-0.019254400000
0.009568282000
-0.009934674000
-0.060118800000
-0.080290430000
-0.066547190000
-0.040989100000
-0.029062970000
-0.028347800000
-0.008851700000
0.023762580000
0.046266050000
0.039663670000
0.019857890000
0.004097318000
-0.031050900000
-0.059121320000
-0.029105070000
0.033695350000
0.060370970000
0.034532140000
0.017410010000
0.016856220000
0.017132450000
0.024914810000
0.036659040000
0.046207940000
0.030066690000
-0.008453583000
-0.028082550000
0.010709270000
0.063355150000
0.053133800000
0.005505947000
-0.014261780000
-0.015305000000
-0.013974900000
0.013659840000
0.024335990000
-0.017602930000
-0.056915700000
-0.036223800000
0.011546100000
0.004481645000
-0.027608550000
-0.022355190000
-0.002796716000
0.007074053000
0.026578840000
0.038663440000
0.004962491000
-0.032170150000
-0.021108970000
0.000080226870
-0.006683167000
-0.030004780000
-0.017027520000
0.022739690000
0.030557920000
0.027749050000
0.047751330000
0.055842260000
0.053351140000
0.068183470000
0.042405160000
-0.049699800000
-0.092119200000
-0.035050900000
-0.002447025000
0.012778380000
0.072336880000
0.059103200000
0.000987444000
0.003288718000
0.024726550000
0.026919350000
0.050720450000
0.032956390000
-0.045361950000
-0.048795190000
-0.000094697730
0.026519570000
0.021762920000
0.002217086000
-0.011269170000
-0.021804550000
-0.041746220000
-0.046279280000
-0.002880184000
0.021361630000
-0.019936760000
-0.052720230000
-0.020325870000
0.008689709000
-0.001537220000
-0.013802940000
-0.013725100000
0.004877203000
0.026343930000
0.001499748000
-0.022630130000
-0.006149433000
0.017253140000
0.018949160000
0.002690747000
-0.001690544000
0.015280470000
0.025438710000
0.005850114000
-0.020931950000
-0.032375410000
-0.022869140000
0.005764688000
0.023314170000
0.012450220000
-0.015883620000
-0.042996080000
-0.047553590000
-0.024451160000
-0.002419457000
0.008279801000
0.014822900000
-0.003950118000
-0.045467350000
-0.059226550000
-0.029455800000
-0.007456658000
-0.001966783000
0.018786730000
0.038209950000
0.041583840000
0.026425730000
-0.021560400000
-0.052715680000
-0.027213450000
0.002707709000
0.001413507000
0.005589351000
0.024416410000
0.016000390000
-0.014494210000
-0.032905360000
-0.033991920000
-0.025905860000
-0.016311200000
-0.018614080000
-0.016850570000
0.007778476000
0.014804450000
-0.004863937000
-0.019861310000
-0.019476290000
0.004642390000
0.033499880000
0.036306660000
0.035567460000
0.039586150000
0.025973960000
-0.004350739000
-0.033520140000
-0.034099540000
0.016038050000
0.058494290000
0.033411500000
-0.021439550000
-0.035597270000
-0.008397310000
0.012900330000
0.007750444000
-0.010025560000
-0.017188120000
-0.015617700000
-0.018890300000
-0.014316860000
0.012598970000
0.031042210000
0.014669030000
-0.016038380000
-0.034915340000
-0.030830590000
-0.016301470000
-0.008367232000
0.001436008000
0.006981863000
-0.000738469700
0.001348773000
0.020164680000
0.019322860000
0.003105598000
0.002756699000
0.003368751000
-0.011018250000
-0.026059930000
-0.022729360000
-0.009857798000
0.004142386000
0.012671160000
0.018479040000
0.020064550000
0.018139950000
0.018786290000
0.018371140000
0.015038290000
0.016409230000
0.021113630000
0.024750670000
0.035039160000
0.036512690000
0.010648790000
-0.007472521000
-0.004110920000
-0.019171470000
-0.033854090000
-0.034126550000
-0.028662380000
-0.005464169000
0.037384260000
0.067066470000
0.056626710000
0.034744730000
0.017959360000
0.018149950000
0.039257470000
0.051960100000
0.025130350000
-0.002651538000
0.008218516000
0.021159900000
0.021290590000
0.010840970000
-0.011367110000
-0.015956550000
-0.007765779000
-0.016171610000
-0.032410710000
-0.051232660000
-0.060982870000
-0.061027000000
-0.069977670000
-0.075707880000
-0.056324970000
-0.020698130000
-0.005797973000
-0.021163610000
-0.030228090000
-0.021522080000
-0.029695050000
-0.059819810000
-0.029153880000
0.047293280000
0.042598880000
0.016290640000
0.037835760000
0.052845410000
0.033343720000
0.018937790000
0.017105750000
0.014671020000
0.031738650000
0.044377200000
0.029207950000
0.021093740000
0.040770100000
0.046844590000
0.023119860000
0.014363490000
0.034655980000
0.031080270000
-0.003869536000
-0.031284050000
-0.030536880000
-0.016916270000
-0.011056960000
-0.011909910000
-0.012313570000
-0.010061810000
-0.013801890000
-0.015709760000
-0.013263840000
-0.018418820000
-0.028223060000
-0.031697880000
-0.018792310000
0.001347576000
-0.004706619000
-0.023554900000
-0.027186050000
-0.020248750000
-0.012359430000
0.004220187000
0.017637730000
0.013159830000
0.004223154000
0.001704314000
-0.005959546000
-0.007560143000
0.008100463000
0.016288860000
-0.003594599000
-0.017794960000
-0.000469156400
0.016497950000
0.018879710000
0.012970150000
-0.006867020000
-0.018934860000
-0.004394785000
0.004578671000
-0.006318536000
0.031349400000
0.078376780000
0.022814690000
-0.022880150000
-0.012228890000
-0.007325361000
-0.004232772000
0.001432625000
-0.004201044000
-0.011201310000
-0.006539810000
0.001321937000
0.002911777000
0.000132314800
-0.000927460300
-0.001022734000
0.000763744700
0.005046266000
0.007312627000
0.006157689000
0.002154783000
0.001301488000
0.005858833000
0.003302750000
-0.002367676000
-0.001051410000
0.001203767000
-0.002339016000
-0.007358700000
-0.007471062000
-0.004250673000
-0.003508741000
-0.011369600000
-0.016941080000
-0.014273790000
-0.009200258000
-0.006109578000
-0.004568470000
-0.002953145000
0.001941962000
0.004944937000
0.002628193000
0.001125787000
0.001962441000
0.002020511000
0.001171634000
0.000366459600
0.000149263400
0.000165219800
0.000394909500
0.000755213300
0.000658660700
0.000559238400
0.000618842000
0.000346500600
-0.000108663200
-0.000195990400
0.000113656400
0.000276544000
0.000260494900
0.000344091400
0.000471776300
0.000561746900
0.000645736900
0.000764943800
0.000903670500
0.001029275000
0.001147762000
0.001272491000
0.001406300000
0.001548670000
0.001697433000
0.001851714000
0.000000000000
0.000000000000
0.000000000000
0.000000000000
0.000000000000
0.000000000000
0.000000000000
0.000000000000
0.000000000000
0.000000000000
0.000000000000
0.000000000000
0.000000000000
0.000000000000
0.000000000000
0.000000000000
0.000000000000
0.000000000000
0.000000000000
0.000000000000
0.000000000000
0.000000000000
0.000000000000
0.000000000000
0.000000000000
0.000000000000
0.000000000000
0.000000000000
0.000000000000
0.000000000000
0.000000000000
0.000000000000
0.000000000000
0.000000000000
0.000000000000
0.000000000000
0.000000000000
0.000000000000
0.000000000000
0.000000000000
0.000000000000
0.000000000000
0.000000000000
0.000000000000
0.000000000000
0.000000000000
0.000000000000
0.000000000000
0.000000000000
0.000000000000
0.000000000000
0.000000000000
0.000000000000
0.000000000000
0.000000000000
0.000000000000
0.000000000000
0.000000000000
0.000000000000
0.000000000000
0.000000000000
0.000000000000
0.000000000000
0.000000000000
0.000000000000
0.000000000000
0.000000000000
0.000000000000
0.000000000000
0.000000000000
0.000000000000
0.000000000000
0.000000000000
0.000000000000
0.000000000000
0.000000000000
0.000000000000
0.000000000000
0.000000000000
0.000000000000
0.000000000000
0.000000000000
0.000000000000
0.000000000000
0.000000000000
0.000000000000
0.000000000000
0.000000000000
0.000000000000
0.000000000000
0.000000000000
0.000000000000
0.000000000000
0.000000000000
0.000000000000
0.000000000000
0.000000000000
0.000000000000
0.000000000000
0.000000000000
0.000000000000
0.000000000000
0.000000000000
0.000000000000
0.000000000000
0.000000000000
0.000000000000
0.000000000000
0.000000000000
0.000000000000
0.000000000000
0.000000000000
0.000000000000
0.000000000000
0.000000000000
0.000000000000
0.000000000000
0.000000000000
0.000000000000
0.000000000000
0.000000000000
0.000000000000
0.000000000000
0.000000000000
0.000000000000
0.000000000000
0.000000000000
0.000000000000
0.000000000000
0.000000000000
0.000000000000
0.000000000000
0.000000000000
0.000000000000
0.000000000000
0.000000000000
0.000000000000
0.000000000000
0.000000000000
0.000000000000
0.000000000000
0.000000000000
0.000000000000
0.000000000000
0.000000000000
0.000000000000
0.000000000000
0.000000000000
0.000000000000
0.000000000000
0.000000000000
0.000000000000
0.000000000000
0.000000000000
0.000000000000
0.000000000000
0.000000000000
0.000000000000
0.000000000000
0.000000000000
0.000000000000
0.000000000000
0.000000000000
0.000000000000
0.000000000000
0.000000000000
0.000000000000
0.000000000000
0.000000000000
0.000000000000
0.000000000000
0.000000000000
0.000000000000
0.000000000000
0.000000000000
0.000000000000
0.000000000000
0.000000000000
0.000000000000
0.000000000000
0.000000000000
0.000000000000
0.000000000000
0.000000000000
0.000000000000
0.000000000000
0.000000000000
0.000000000000
0.000000000000
0.000000000000
0.000000000000
0.000000000000
0.000000000000
0.000000000000
0.000000000000
0.000000000000
0.000000000000
0.000000000000
0.000000000000
0.000000000000
0.000000000000
0.000000000000
0.000000000000
0.000000000000
0.000000000000
0.000000000000
0.000000000000
0.000000000000
0.000000000000
0.000000000000
0.000000000000
0.000000000000
0.000000000000
0.000000000000
0.000000000000
0.000000000000
0.000000000000
0.000000000000
0.000000000000
0.000000000000
0.000000000000
0.000000000000
0.000000000000
0.000000000000
0.000000000000
0.000000000000
0.000000000000
0.000000000000
0.000000000000
0.000000000000
0.000000000000
0.000000000000
0.000000000000
0.000000000000
0.000000000000
0.000000000000
0.000000000000
0.000000000000
0.000000000000
0.000000000000
0.000000000000
0.000000000000
0.000000000000
0.000000000000
0.000000000000
0.000000000000
0.000000000000
0.000000000000
0.000000000000
0.000000000000
