1 RSN286_ITALY_A-BIS000.txt 0.002900    14916 1.32591556
2 RSN1511_CHICHI_TCU076-E.txt 0.005000    19000 0.49065250
3 RSN1521_CHICHI_TCU089-E.txt 0.005000    19000 0.86448191
4 RSN1541_CHICHI_TCU116-E.txt 0.005000    19000 0.64435300
5 RSN3750_CAPEMEND_LFS270.txt 0.005000     6736 0.68108204
6 RSN3947_TOTTORI_SMNH01NS.txt 0.005000    61000 1.21878187
7 RSN3964_TOTTORI_TTR007NS.txt 0.010000    24524 1.43622076
8 RSN4852_CHUETSU_65018NS.txt 0.010000     6500 2.66666667
9 RSN4882_CHUETSU_65321NS.txt 0.010000    12500 1.35876684
10 RSN6928_DARFIELD_LPCCN80E.txt 0.005000    11725 1.54646255
11 RSN8166_DUZCE_498-NS.txt 0.004000    10001 1.39732813
12 RSN286_ITALY_A-BIS270.txt 0.002900    14916 1.32591556
13 RSN1511_CHICHI_TCU076-N.txt 0.005000    19000 0.49065250
14 RSN1521_CHICHI_TCU089-N.txt 0.005000    19000 0.86448191
15 RSN1541_CHICHI_TCU116-N.txt 0.005000    19000 0.64435300
16 RSN3750_CAPEMEND_LFS360.txt 0.005000     6737 0.68108204
17 RSN3947_TOTTORI_SMNH01EW.txt 0.005000    61000 1.21878187
18 RSN3964_TOTTORI_TTR007EW.txt 0.010000    24524 1.43622076
19 RSN4852_CHUETSU_65018EW.txt 0.010000     6500 2.66666667
20 RSN4882_CHUETSU_65321EW.txt 0.010000    12500 1.35876684
21 RSN6928_DARFIELD_LPCCS10E.txt 0.005000    11725 1.54646255
22 RSN8166_DUZCE_498-EW.txt 0.004000    10001 1.39732813
