1 RSN139_TABAS_DAY-L1.txt 0.020000     1300 2.66666667
2 RSN143_TABAS_TAB-L1.txt 0.020000     1900 0.53706582
3 RSN286_ITALY_A-BIS000.txt 0.002900    14916 2.66666667
4 RSN1165_KOCAELI_IZT180.txt 0.005000     7000 2.08185079
5 RSN1511_CHICHI_TCU076-E.txt 0.005000    19000 1.09582151
6 RSN1521_CHICHI_TCU089-E.txt 0.005000    19000 1.83702406
7 RSN1541_CHICHI_TCU116-E.txt 0.005000    19000 2.12140328
8 RSN3750_CAPEMEND_LFS270.txt 0.005000     6736 1.66363327
9 RSN4848_CHUETSU_65011NS.txt 0.010000     6500 2.34127036
10 RSN4882_CHUETSU_65321NS.txt 0.010000    12500 2.66666667
11 RSN8166_DUZCE_498-NS.txt 0.004000    10001 2.66666667
12 RSN139_TABAS_DAY-T1.txt 0.020000     1300 2.66666667
13 RSN143_TABAS_TAB-T1.txt 0.020000     1900 0.53706582
14 RSN286_ITALY_A-BIS270.txt 0.002900    14916 2.66666667
15 RSN1165_KOCAELI_IZT090.txt 0.005000     7000 2.08185079
16 RSN1511_CHICHI_TCU076-N.txt 0.005000    19000 1.09582151
17 RSN1521_CHICHI_TCU089-N.txt 0.005000    19000 1.83702406
18 RSN1541_CHICHI_TCU116-N.txt 0.005000    19000 2.12140328
19 RSN3750_CAPEMEND_LFS360.txt 0.005000     6737 1.66363327
20 RSN4848_CHUETSU_65011EW.txt 0.010000     6500 2.34127036
21 RSN4882_CHUETSU_65321EW.txt 0.010000    12500 2.66666667
22 RSN8166_DUZCE_498-EW.txt 0.004000    10001 2.66666667
