0.009438351000
0.009446243000
0.009488254000
0.009568911000
0.009461329000
0.009263563000
0.009444456000
0.009582336000
0.009020188000
0.008537306000
0.008984001000
0.009198977000
0.008331788000
0.007679616000
0.007965849000
0.008038494000
0.007804347000
0.007892549000
0.008183344000
0.008078852000
0.007172302000
0.005981143000
0.006261628000
0.008320025000
0.009058273000
0.007699793000
0.006161341000
0.005671791000
0.005726439000
0.006611774000
0.005920943000
0.004050088000
0.005747191000
0.006131505000
0.000560484800
0.001167437000
0.005283248000
-0.000573641800
-0.005042420000
0.001155853000
0.006831304000
0.007189565000
0.004669034000
0.003627324000
0.007069767000
0.009812121000
0.008099742000
0.006014362000
0.003430017000
-0.006933119000
-0.017633070000
-0.010155720000
0.001329200000
-0.004805520000
-0.008412987000
0.008304042000
0.017330480000
-0.003126830000
-0.015577120000
0.001502107000
0.003184808000
-0.018850470000
-0.023933720000
-0.008527233000
-0.006434394000
-0.014422330000
-0.007233730000
0.001581276000
-0.006652527000
-0.006325687000
-0.000029678030
0.003954733000
0.006453783000
-0.004520859000
-0.019842360000
-0.020782610000
-0.009300528000
-0.002287114000
0.003202783000
0.006954706000
-0.000297098100
-0.004777938000
0.004597713000
0.004256829000
-0.008099447000
-0.005565939000
-0.001319307000
-0.003986919000
0.000288648800
-0.006975225000
-0.025713330000
-0.011570270000
0.007887665000
-0.003890475000
-0.018767030000
-0.020476540000
-0.011465750000
0.001456198000
-0.000501537400
-0.007507514000
-0.007289675000
-0.008700707000
-0.014319770000
-0.006606955000
0.008806645000
-0.000971733200
-0.019731620000
-0.018584750000
-0.008520334000
-0.004780443000
-0.002343244000
-0.003171344000
0.001385808000
0.000215672700
-0.015476550000
-0.026325360000
-0.015772700000
0.006550337000
0.010450270000
0.000001501414
-0.007584287000
-0.009904187000
-0.014117780000
-0.019390750000
-0.008192757000
0.004674702000
-0.011451470000
-0.024540000000
-0.023675510000
-0.031293400000
-0.028033180000
0.008501967000
0.032798580000
-0.000859909500
-0.043148400000
-0.020729370000
0.021850210000
0.038703180000
0.026477750000
-0.013137620000
-0.033152260000
-0.002022383000
0.030634140000
0.016095930000
0.002639767000
0.001170841000
-0.023680440000
-0.040687640000
-0.016672950000
0.006000463000
0.006808849000
0.013777770000
0.025340820000
0.016196640000
-0.009758793000
-0.004584480000
0.023388880000
0.018836010000
-0.002157935000
-0.016224980000
-0.026341660000
-0.024035150000
-0.012989360000
-0.002708733000
0.026955870000
0.042306160000
-0.007715365000
-0.037540860000
0.007019684000
0.035999460000
0.030695700000
0.023018320000
0.008363305000
-0.014888980000
-0.023050290000
-0.006933399000
0.011787070000
0.035373010000
0.031541110000
-0.009086661000
-0.037281110000
-0.014571110000
0.011392990000
0.018832980000
0.032071160000
0.013904080000
-0.024762430000
-0.020207180000
0.021454090000
0.031647630000
0.003184704000
-0.013120340000
-0.011501830000
-0.010354000000
0.010929760000
0.020548520000
-0.017529640000
-0.041626780000
-0.016122510000
0.001270935000
-0.002873865000
-0.003951056000
0.001054765000
0.010887950000
0.012774060000
0.006085816000
0.014543430000
0.014218270000
-0.004495822000
-0.016058990000
-0.035795660000
-0.055369720000
-0.033943820000
0.008352644000
0.019759410000
0.018227570000
0.030217930000
0.048254960000
0.077476020000
0.120915600000
0.155211900000
0.143117000000
0.113211200000
0.124226900000
0.140708400000
0.135733400000
0.136780500000
0.141629700000
0.135056000000
0.138117000000
0.141065600000
0.137106300000
0.127534200000
0.098284920000
0.051403490000
-0.005652179000
-0.069271720000
-0.127761700000
-0.184823500000
-0.244609100000
-0.298498900000
-0.339891300000
-0.347968200000
-0.312198800000
-0.261996900000
-0.235550400000
-0.253430500000
-0.284501900000
-0.269616500000
-0.203918300000
-0.143426000000
-0.102819900000
-0.086980030000
-0.085891700000
-0.106551200000
-0.091165460000
0.094872260000
0.310057700000
0.205296800000
0.010517630000
0.220827100000
0.360487700000
0.259229300000
0.241954900000
0.287731600000
0.289707600000
0.265764600000
0.221020200000
0.143559800000
0.066304720000
0.022131640000
0.008819929000
-0.012887750000
-0.047817960000
-0.075296270000
-0.084190140000
-0.070314890000
-0.001912938000
0.043639440000
-0.040540920000
-0.050200530000
0.008816569000
-0.080077450000
-0.124070200000
-0.029122620000
-0.003256524000
-0.075405990000
-0.135118800000
-0.159762700000
-0.143057400000
-0.088857870000
-0.050066170000
-0.081623100000
-0.101895300000
-0.079989960000
-0.076175470000
-0.087174380000
-0.110308000000
-0.166418500000
-0.153382200000
-0.020613990000
0.091343160000
0.087801170000
0.020600140000
0.032107010000
0.109982600000
0.145604000000
0.096314500000
0.040949590000
0.027925750000
0.024192930000
0.018812740000
0.027393740000
0.025082560000
0.019977250000
0.051852400000
0.093777770000
0.105950900000
0.065815460000
-0.003597861000
-0.013861870000
0.077831870000
0.163169100000
0.146191700000
0.066641490000
0.046288950000
0.040544320000
-0.047228190000
-0.130242500000
-0.123643100000
-0.116759000000
-0.141413600000
-0.110293200000
-0.042052700000
-0.025755460000
-0.068911470000
-0.077481640000
-0.020819330000
0.043079810000
0.059270570000
0.010956710000
-0.032445330000
-0.025574340000
-0.004731670000
0.006133528000
0.043116640000
0.095884620000
0.066159200000
0.018728110000
0.033314760000
0.062922510000
0.049564110000
0.016946730000
0.016665300000
0.033275870000
0.021529770000
0.036005440000
0.044569260000
0.010813490000
0.007182030000
0.023866620000
0.023270610000
0.031568740000
-0.004436699000
-0.080386830000
-0.109132200000
-0.102347800000
-0.105961800000
-0.073352720000
-0.038163430000
-0.108051400000
-0.176656600000
-0.176024900000
-0.199252200000
-0.204850900000
-0.146517900000
-0.084975310000
0.015400080000
0.119316400000
0.140259700000
0.096805970000
0.048549460000
0.015814990000
0.036367330000
0.083570180000
0.077564300000
0.036506530000
0.045961150000
0.027526040000
-0.054032950000
-0.064645260000
-0.040698770000
-0.006509421000
0.024218960000
0.013253230000
-0.035654770000
-0.024096890000
0.057226180000
0.072186560000
0.007984265000
0.009611773000
0.109156900000
0.187343800000
0.193779000000
0.167075200000
0.199878500000
0.300658900000
0.291886500000
0.104242800000
-0.018034830000
0.074463900000
0.217049200000
0.258091900000
0.207031600000
0.147705300000
0.049962940000
-0.149551100000
-0.338646700000
-0.336666500000
-0.270976500000
-0.319933400000
-0.291987000000
-0.162491400000
-0.092820940000
-0.105425100000
-0.128711100000
-0.120552000000
-0.160996300000
-0.228726700000
-0.124655300000
-0.143026700000
-0.245324400000
-0.172673300000
-0.134267900000
-0.198833100000
-0.157406300000
-0.046748740000
0.061631780000
0.104882000000
0.084020380000
0.094750530000
0.093344510000
0.080259330000
0.136065700000
0.223437800000
0.336454000000
0.352647800000
0.241219900000
0.159519900000
0.189529300000
0.219762500000
0.207274700000
0.237187600000
0.301779000000
0.290591500000
0.143280000000
0.074217530000
0.121248900000
0.039959720000
-0.084330150000
-0.078366150000
-0.015683510000
-0.031308790000
-0.070581830000
-0.062056780000
-0.064152070000
-0.104367800000
-0.147957700000
-0.115982900000
-0.136151100000
-0.227288800000
-0.280964300000
-0.178649500000
0.030612580000
0.087090180000
-0.052299760000
-0.332194300000
-0.391563000000
-0.036243060000
0.302119200000
0.267450100000
-0.064883600000
-0.263596200000
-0.075471950000
0.186781700000
0.274904700000
0.313795600000
0.438772500000
0.510497100000
0.344190200000
0.095881800000
0.059478280000
0.143868300000
0.232204700000
0.287425600000
-0.016132130000
-0.527719100000
-0.656358500000
-0.272305800000
0.258135400000
0.598723300000
0.513499400000
0.173025200000
-0.046158350000
-0.178238700000
-0.405654900000
-0.510235700000
-0.281541500000
0.026189340000
0.247909900000
0.368299000000
0.305571800000
0.058494110000
-0.279107200000
-0.587462300000
-0.633305600000
-0.371294900000
-0.116684400000
0.040501700000
0.106562400000
-0.048384450000
-0.204631000000
0.043919220000
0.498418600000
0.795256300000
0.853981800000
0.748365300000
0.604643700000
0.387608500000
0.190411400000
0.127334100000
-0.056155770000
-0.380994100000
-0.480913800000
-0.208651300000
0.027676840000
-0.001689187000
-0.046226820000
-0.007180963000
-0.076215400000
-0.407761500000
-0.720513100000
-0.819125200000
-0.554981900000
-0.060809340000
-0.084034850000
-0.327693900000
-0.173667300000
0.044059660000
-0.055202980000
-0.260279300000
-0.232469100000
-0.107527500000
-0.283415100000
-0.502251600000
-0.377003400000
-0.221765000000
-0.329341200000
-0.569895100000
-0.616640300000
-0.232752300000
0.219878600000
0.260520700000
-0.044693120000
-0.308960800000
-0.342883400000
-0.343400200000
-0.316883000000
-0.173832000000
-0.123333900000
-0.030093060000
0.243306800000
0.390795300000
0.389058200000
0.491787700000
0.636436200000
0.630844800000
0.369569000000
0.003063379000
-0.198636600000
-0.338617400000
-0.414943500000
-0.380958100000
-0.388601000000
-0.236990000000
0.217460500000
0.490915600000
0.498008000000
0.478854900000
0.202584800000
-0.249119200000
-0.499104100000
-0.460006000000
-0.464252800000
-0.316002900000
0.130403300000
0.412300600000
0.603898900000
0.549910300000
0.266040000000
0.202532100000
0.279237200000
0.250399400000
0.153060700000
0.064061720000
0.025353340000
0.100515200000
0.233717900000
0.331119800000
0.338438000000
0.216208900000
0.050798810000
0.061451630000
0.228475700000
0.328598100000
0.355440200000
0.346016200000
0.211295600000
0.059326490000
-0.039038900000
-0.283700900000
-0.598935100000
-0.776789500000
-0.662121700000
-0.180353100000
0.201309200000
0.217483400000
0.043190550000
-0.125638700000
-0.223726700000
-0.337475800000
-0.380850900000
-0.204862500000
0.049826440000
0.202433400000
0.292508500000
0.347114900000
0.288897000000
0.165523900000
0.064259270000
0.061010050000
0.185452000000
0.216980000000
0.059423510000
-0.035241730000
0.095042620000
0.297122000000
0.386759300000
0.415192900000
0.400100300000
0.249816600000
0.015031190000
-0.220251000000
-0.431957100000
-0.535190600000
-0.484460700000
-0.286737200000
0.008615592000
0.282628600000
0.263746300000
-0.023239600000
-0.179777200000
-0.194945300000
-0.308620300000
-0.397897100000
-0.354638500000
-0.363198200000
-0.118155800000
0.471010000000
0.530408900000
0.056141590000
-0.232398000000
-0.205872600000
-0.166665700000
-0.177393300000
-0.061991040000
0.180853900000
0.266416300000
0.160632600000
-0.050272940000
-0.275731700000
-0.351719300000
-0.285825600000
-0.087582500000
0.192042700000
0.364233900000
0.389023600000
0.360898500000
0.346516300000
0.368442400000
0.216109500000
-0.115092300000
-0.194563100000
0.075680290000
0.274215100000
0.217010700000
-0.020547440000
-0.174669600000
-0.225342100000
-0.294841100000
-0.196587000000
0.152018700000
0.292416500000
0.133434500000
0.092260360000
0.191168400000
0.130731900000
-0.052553760000
-0.104242200000
-0.013969500000
-0.019594150000
-0.169128500000
-0.274970700000
-0.250440400000
-0.142978900000
0.003019611000
0.214458000000
0.407375500000
0.457455100000
0.372991400000
0.164791700000
-0.027568800000
-0.038502950000
0.016288260000
0.041513440000
0.024748440000
-0.054848360000
-0.084078250000
-0.050939890000
-0.102092600000
-0.187400000000
-0.124940500000
0.091787250000
0.238070200000
0.190157600000
-0.022116740000
-0.114460800000
0.043334930000
0.116391600000
0.013223600000
0.001386802000
0.047854630000
-0.077212650000
-0.214842400000
-0.223874700000
-0.230273100000
-0.299538200000
-0.299724100000
-0.192743400000
-0.158049900000
-0.168219300000
-0.017336480000
0.211102200000
0.279985500000
0.153859700000
0.005523141000
-0.122478700000
-0.180946200000
0.000947524400
0.172507000000
0.186891400000
0.193905100000
0.181939600000
0.090124490000
0.020305910000
0.061950270000
0.124545400000
0.117145800000
0.033062950000
-0.074763570000
-0.155710000000
-0.170872000000
-0.093597060000
-0.027561400000
-0.054685390000
-0.014077480000
0.094119850000
0.163329700000
0.198816400000
0.197604100000
0.161426400000
0.107852800000
-0.000201682600
-0.134911700000
-0.210257400000
-0.113821500000
0.097796160000
0.146566300000
-0.034358590000
-0.140222300000
-0.025271050000
0.060800450000
0.031155770000
0.075173220000
0.181923700000
0.189722100000
0.146165800000
0.141386800000
0.118093800000
0.007791975000
-0.115440600000
-0.230140200000
-0.314666500000
-0.323361100000
-0.311163000000
-0.211808500000
-0.064783330000
-0.106133200000
-0.164906800000
-0.075539890000
-0.006135131000
-0.008390037000
0.013249480000
-0.010438800000
-0.099109430000
-0.087412460000
-0.022530490000
-0.066176210000
-0.021484240000
0.056022330000
-0.099874690000
-0.232296300000
-0.163350400000
-0.040964630000
0.041289650000
0.004010881000
-0.076921240000
-0.038450240000
-0.028016220000
-0.055258200000
-0.006053090000
0.068572560000
0.162228600000
0.251638000000
0.211573600000
0.103127700000
0.047465470000
0.010256800000
-0.062625020000
-0.147226800000
-0.196543400000
-0.163221600000
-0.083835570000
-0.067928690000
-0.089062550000
-0.086622810000
-0.077359570000
-0.132530100000
-0.190406000000
-0.168239200000
-0.144842700000
-0.181321600000
-0.167176100000
-0.108670200000
-0.085355450000
-0.101879900000
-0.107090400000
-0.100129100000
-0.114230800000
-0.050330780000
0.024868380000
0.040663920000
0.098995090000
0.164026300000
0.145772800000
0.069405750000
-0.002926513000
0.011250700000
0.086716090000
0.060703490000
-0.016649030000
-0.064084270000
-0.066661100000
0.009979301000
0.095732050000
0.101963000000
0.080240030000
0.100193300000
0.054740400000
-0.068809510000
-0.142276900000
-0.116647500000
-0.064079030000
-0.138351200000
-0.180302300000
-0.003736872000
0.147694600000
0.080449270000
0.005999778000
0.082505160000
0.163735900000
0.129901600000
0.007815977000
-0.068467070000
-0.081503980000
-0.170025400000
-0.268849800000
-0.203095100000
-0.049839280000
0.054111630000
0.022985000000
-0.060144620000
-0.023844380000
0.102361200000
0.123738600000
0.033594920000
-0.011144000000
-0.007273833000
0.034611090000
0.065727280000
-0.001062505000
-0.010205960000
0.080980210000
0.094891560000
0.020983100000
-0.042712560000
-0.052520050000
-0.076929570000
-0.175230000000
-0.249503500000
-0.182502800000
-0.054033680000
-0.011095280000
0.050518540000
0.114666900000
0.087934000000
0.071137450000
0.125851400000
0.190297200000
0.214207200000
0.207616300000
0.207295600000
0.226523900000
0.227570100000
0.158849800000
0.115736400000
0.143125400000
0.111357300000
0.013246140000
-0.008191780000
0.058950060000
0.089067460000
0.095017300000
0.144852600000
0.190678000000
0.193083600000
0.160830000000
0.114469900000
0.093822390000
0.087564000000
0.051755970000
0.027429880000
-0.010197070000
-0.119037500000
-0.180791200000
-0.148362200000
-0.138918700000
-0.140063600000
-0.083924760000
-0.095650000000
-0.166917500000
-0.095303820000
0.022994190000
-0.023099960000
-0.119101100000
-0.065797650000
0.064346240000
0.106865800000
0.008969418000
-0.047940490000
0.063770310000
0.124429100000
-0.001571358000
-0.072730440000
0.064714430000
0.135273300000
0.042762540000
0.057355610000
0.177982100000
0.168489700000
0.026862130000
-0.030541270000
-0.038176220000
-0.106454000000
-0.130485400000
-0.006389394000
0.078081280000
-0.022303240000
-0.074986900000
0.041807140000
0.058631200000
-0.065249160000
-0.055308420000
0.053223480000
0.121619400000
0.147871700000
0.116236200000
0.039833630000
0.002881312000
-0.045720310000
-0.089664030000
0.007901323000
0.106666500000
0.084244420000
0.127424800000
0.230471800000
0.169720400000
0.078445890000
0.138177300000
0.210191400000
0.188453800000
0.143090400000
0.101347700000
0.115028700000
0.096045770000
-0.144447700000
-0.380174600000
-0.287484400000
-0.083008590000
-0.015518790000
0.047851760000
0.085841520000
0.019814330000
0.039648750000
0.140976200000
0.089568580000
-0.021213740000
-0.010864060000
0.011089180000
-0.050213880000
-0.045391400000
-0.020562470000
-0.090802040000
-0.142043700000
-0.142811800000
-0.174854700000
-0.162312000000
-0.008361379000
0.086455750000
-0.023772410000
-0.117831900000
-0.090301210000
-0.067993330000
-0.024436160000
0.042781890000
0.032894550000
-0.055482750000
-0.107497700000
-0.014156240000
0.081921460000
-0.014126750000
-0.151878600000
-0.129542200000
-0.093517120000
-0.110189300000
-0.068827120000
0.009477941000
0.081991390000
0.066516560000
-0.022578460000
0.001938924000
0.061535170000
0.043907170000
0.066677160000
0.147533400000
0.173814000000
0.097485900000
-0.005466421000
-0.114855700000
-0.182205800000
-0.118105300000
-0.055188040000
-0.073113740000
-0.052916240000
-0.000771401600
-0.047981630000
-0.151787500000
-0.133269900000
-0.087744490000
-0.134385100000
-0.158546600000
-0.105084400000
-0.027955550000
0.073142730000
0.167444500000
0.187881700000
0.097413780000
0.011743770000
0.022769620000
-0.017059810000
-0.147494100000
-0.065889390000
0.168826700000
0.160985900000
0.087961870000
0.127477900000
0.110548300000
-0.006105199000
-0.107845800000
-0.095644060000
-0.023272910000
0.007353690000
0.047618860000
0.087527030000
0.114774000000
0.151744400000
0.106716400000
-0.001885235000
-0.022445860000
-0.012572590000
0.004687621000
0.049476270000
0.044317420000
-0.001957256000
0.018592860000
0.047512020000
0.012927610000
-0.016532470000
0.003081755000
0.030563400000
0.034290450000
0.012918400000
-0.025350450000
-0.079908890000
-0.122655400000
-0.101888100000
-0.083543280000
-0.146886700000
-0.145052600000
-0.030001030000
-0.021781050000
-0.157465800000
-0.207281300000
-0.164761000000
-0.132132500000
-0.104658900000
-0.094080690000
-0.068148570000
0.006801193000
0.044430470000
0.039396920000
0.067375500000
0.089458380000
0.059005430000
0.026031510000
0.015101050000
0.020737460000
-0.031008780000
-0.155651800000
-0.190907400000
-0.096367420000
0.014739330000
0.027759980000
-0.003056813000
-0.022902760000
-0.054019900000
-0.054309040000
-0.034944950000
-0.022861880000
-0.029075750000
-0.075497620000
-0.088886630000
-0.022566200000
0.039187670000
0.049688700000
0.026680440000
0.018741280000
0.032884110000
0.038122630000
0.062385880000
0.108028000000
0.112188000000
0.044165060000
-0.025031870000
-0.043730180000
-0.055346090000
-0.107825900000
-0.162710400000
-0.155074500000
-0.079383840000
-0.003705647000
0.017277640000
-0.016247360000
-0.065960750000
-0.091627830000
-0.116008500000
-0.128115500000
-0.076602970000
-0.024167130000
0.003106569000
0.051635350000
0.083822030000
0.048770980000
0.032765150000
0.093958210000
0.121971600000
0.106577500000
0.118994100000
0.117895600000
0.083333360000
0.078935020000
0.124824700000
0.126967400000
0.065450120000
0.049050390000
0.108281500000
0.125396700000
0.044057310000
0.012423180000
0.091416540000
0.126812100000
0.073839260000
0.044608580000
0.075083260000
0.095198780000
0.083845850000
0.073049230000
0.072260880000
0.055619180000
0.026745200000
0.022383510000
0.043243670000
0.033800160000
-0.006707290000
-0.017410410000
-0.021160590000
-0.063373420000
-0.112212800000
-0.124404500000
-0.088812090000
-0.036186890000
-0.036568870000
-0.095108020000
-0.110662600000
-0.098039260000
-0.145564000000
-0.181030500000
-0.131326900000
-0.037424410000
0.039359900000
0.035687350000
-0.018675650000
-0.022875440000
0.005822744000
0.030573480000
0.053863530000
0.062214970000
0.037722040000
-0.013155490000
-0.044441930000
-0.040764660000
-0.046490650000
-0.046956830000
0.000769827500
0.062480400000
0.075222980000
0.038079460000
0.018758570000
0.030618710000
0.049130260000
0.056891380000
0.058434280000
0.078463000000
0.102302900000
0.092352190000
0.065446840000
0.055088370000
0.045625610000
0.009385877000
-0.027695100000
-0.018331210000
0.033785750000
0.066703190000
0.073236480000
0.053685140000
0.005503847000
0.005222061000
0.050123730000
0.047575230000
0.015970930000
0.026495340000
0.051989750000
0.041813210000
0.047875820000
0.080738460000
0.097559240000
0.077793080000
0.045420290000
0.054837670000
0.106435800000
0.122077900000
0.076567200000
0.002988077000
-0.083843320000
-0.150406200000
-0.160916900000
-0.118126300000
-0.061367130000
-0.007470239000
0.015637430000
-0.012422700000
-0.050791190000
-0.056804510000
-0.059015340000
-0.067300210000
-0.048982760000
-0.019500540000
-0.006442834000
-0.025077380000
-0.065232370000
-0.104073600000
-0.140056000000
-0.170306000000
-0.155125700000
-0.102824500000
-0.068597180000
-0.037214440000
-0.013181450000
-0.000012123520
0.031242910000
0.068573840000
0.091411540000
0.097381820000
0.088180140000
0.060291600000
0.004973110000
-0.060803490000
-0.072973890000
-0.025007340000
-0.000980900500
0.025347640000
0.083573400000
0.084345980000
0.034721790000
0.007582837000
-0.006577522000
-0.050106480000
-0.103370600000
-0.095525330000
-0.044774320000
-0.040327020000
-0.026641660000
0.040716140000
0.088404460000
0.080637670000
0.069671600000
0.065333180000
0.062496050000
0.048421410000
0.015687490000
0.001334141000
-0.002086390000
-0.030498960000
-0.063855140000
-0.064251600000
-0.037773220000
-0.018645350000
-0.004845313000
0.040163160000
0.084022730000
0.057457210000
-0.005720359000
-0.041695260000
-0.041605760000
-0.019187540000
0.006699102000
0.028751780000
0.050898060000
0.066010720000
0.062974290000
0.041575100000
0.003556904000
-0.054715630000
-0.107361000000
-0.114661200000
-0.083846580000
-0.059953500000
-0.051184140000
-0.015547790000
0.038956730000
0.040618070000
-0.019129970000
-0.083829030000
-0.094591150000
-0.053881000000
0.004254565000
0.052667500000
0.070958200000
0.049625280000
0.010920590000
-0.008948718000
-0.023120260000
-0.022980100000
0.005269404000
0.013934680000
-0.016559310000
-0.022532760000
0.004719126000
-0.009128060000
-0.052806930000
-0.062753980000
-0.053220290000
-0.048178530000
-0.009053886000
0.021036230000
-0.009461145000
-0.033310450000
-0.024649550000
-0.010767790000
0.021856950000
0.050406560000
0.040048550000
0.020804540000
0.013625030000
0.011957850000
0.001177675000
-0.000411940800
0.034598310000
0.053251280000
0.027044440000
0.014483920000
0.019233480000
0.028976100000
0.064535490000
0.107058200000
0.106556900000
0.048310030000
-0.020717730000
-0.051841630000
-0.032280870000
-0.005411377000
0.010589280000
0.033377900000
0.044069290000
0.034154210000
0.040970710000
0.047700330000
0.016444130000
-0.031455910000
-0.044313670000
-0.029481490000
-0.033929160000
-0.037690260000
-0.037372340000
-0.043734430000
-0.016519970000
0.031323920000
0.055234960000
0.054268580000
0.029539770000
-0.011787150000
-0.030405000000
-0.016784640000
0.004754527000
0.033755900000
0.065321470000
0.058489800000
-0.004151076000
-0.062145150000
-0.065978230000
-0.042764780000
-0.045154280000
-0.081075050000
-0.090926120000
-0.071223070000
-0.069692690000
-0.063898260000
-0.039306970000
-0.008039989000
0.011663800000
0.005581747000
0.000368588400
-0.004356808000
-0.036091910000
-0.072862480000
-0.076808250000
-0.053595730000
-0.019126650000
0.028966510000
0.058169240000
0.021402920000
-0.018330870000
-0.006489141000
-0.010913780000
-0.057068180000
-0.066275970000
-0.004264374000
0.020904070000
-0.008734593000
0.016479420000
0.074382150000
0.063473270000
0.002370071000
-0.018139780000
-0.007040525000
-0.015253560000
-0.032395630000
-0.024693740000
-0.014121270000
-0.023547760000
-0.025582520000
0.000084047050
0.023221090000
0.041034760000
0.064870420000
0.062560500000
0.040464600000
0.038817620000
0.028710200000
0.011424540000
0.009011769000
0.000160521700
-0.009499520000
0.013649410000
0.037453080000
0.023214740000
-0.004661478000
-0.028253980000
-0.059121610000
-0.077018370000
-0.052880020000
-0.007909518000
0.026184570000
0.035147210000
0.029119750000
0.019777310000
0.017029060000
0.014282030000
-0.001773738000
-0.016809300000
-0.009864538000
0.003861088000
-0.007169835000
-0.016997920000
0.013722190000
0.050213540000
0.046488330000
0.029229820000
0.033041570000
0.045070510000
0.033419240000
0.021646770000
0.033004380000
0.039918440000
0.026509680000
0.015605420000
0.026539040000
0.045832790000
0.049779480000
0.032134870000
0.022659530000
0.032846320000
0.034826790000
0.036279890000
0.055716660000
0.069834170000
0.065952930000
0.060780540000
0.054100870000
0.031998920000
0.008147827000
0.008423867000
0.024568950000
0.022197930000
0.004284987000
-0.000311236700
0.000250031300
-0.009491454000
-0.018346820000
-0.027881420000
-0.042486700000
-0.054053080000
-0.053401500000
-0.045616650000
-0.044686910000
-0.042812970000
-0.034254420000
-0.029964000000
-0.029660090000
-0.025083730000
-0.015924280000
-0.008648284000
-0.007900314000
-0.005472536000
0.005276429000
0.016225660000
0.015544840000
0.003042549000
-0.000497965800
0.007229715000
0.006605443000
-0.006053020000
-0.015809900000
-0.012722960000
-0.007336380000
-0.012516730000
-0.015109750000
-0.010030050000
-0.012098580000
-0.019272590000
-0.019422510000
-0.011661360000
-0.007629422000
-0.010690440000
-0.013205520000
-0.011481180000
-0.009951926000
-0.011819280000
-0.011999510000
-0.008816966000
-0.007187841000
-0.007777567000
-0.008112169000
-0.007887577000
-0.007140210000
-0.005562041000
-0.003951399000
-0.003025458000
-0.002733242000
-0.002989440000
-0.003368706000
-0.003553352000
-0.003517774000
-0.003340483000
-0.003028067000
-0.002467605000
-0.001724976000
-0.001079979000
-0.000713868700
-0.000526591200
-0.000291427100
-0.000064493670
0.000155155800
0.000392933400
0.000603161000
0.000798840600
0.000998808200
0.001203432000
0.001397215000
0.001569515000
0.001728302000
0.001873839000
0.002004570000
0.002124534000
0.002235200000
0.002335642000
0.002425062000
0.002502631000
0.002567721000
0.002620170000
0.000000000000
0.000000000000
0.000000000000
0.000000000000
0.000000000000
0.000000000000
0.000000000000
0.000000000000
0.000000000000
0.000000000000
0.000000000000
0.000000000000
0.000000000000
0.000000000000
0.000000000000
0.000000000000
0.000000000000
0.000000000000
0.000000000000
0.000000000000
0.000000000000
0.000000000000
0.000000000000
0.000000000000
0.000000000000
0.000000000000
0.000000000000
0.000000000000
0.000000000000
0.000000000000
0.000000000000
0.000000000000
0.000000000000
0.000000000000
0.000000000000
0.000000000000
0.000000000000
0.000000000000
0.000000000000
0.000000000000
0.000000000000
0.000000000000
0.000000000000
0.000000000000
0.000000000000
0.000000000000
0.000000000000
0.000000000000
0.000000000000
0.000000000000
0.000000000000
0.000000000000
0.000000000000
0.000000000000
0.000000000000
0.000000000000
0.000000000000
0.000000000000
0.000000000000
0.000000000000
0.000000000000
0.000000000000
0.000000000000
0.000000000000
0.000000000000
0.000000000000
0.000000000000
0.000000000000
0.000000000000
0.000000000000
0.000000000000
0.000000000000
0.000000000000
0.000000000000
0.000000000000
0.000000000000
0.000000000000
0.000000000000
0.000000000000
0.000000000000
0.000000000000
0.000000000000
0.000000000000
0.000000000000
0.000000000000
0.000000000000
0.000000000000
0.000000000000
0.000000000000
0.000000000000
0.000000000000
0.000000000000
0.000000000000
0.000000000000
0.000000000000
0.000000000000
0.000000000000
0.000000000000
0.000000000000
0.000000000000
0.000000000000
0.000000000000
0.000000000000
0.000000000000
0.000000000000
0.000000000000
0.000000000000
0.000000000000
0.000000000000
0.000000000000
0.000000000000
0.000000000000
0.000000000000
0.000000000000
0.000000000000
0.000000000000
0.000000000000
0.000000000000
0.000000000000
0.000000000000
0.000000000000
0.000000000000
0.000000000000
0.000000000000
0.000000000000
0.000000000000
0.000000000000
0.000000000000
0.000000000000
0.000000000000
0.000000000000
0.000000000000
0.000000000000
0.000000000000
0.000000000000
0.000000000000
0.000000000000
0.000000000000
0.000000000000
0.000000000000
0.000000000000
0.000000000000
0.000000000000
0.000000000000
0.000000000000
0.000000000000
0.000000000000
0.000000000000
0.000000000000
0.000000000000
0.000000000000
0.000000000000
0.000000000000
0.000000000000
0.000000000000
0.000000000000
0.000000000000
0.000000000000
0.000000000000
0.000000000000
0.000000000000
0.000000000000
0.000000000000
0.000000000000
0.000000000000
0.000000000000
0.000000000000
0.000000000000
0.000000000000
0.000000000000
0.000000000000
0.000000000000
0.000000000000
0.000000000000
0.000000000000
0.000000000000
0.000000000000
0.000000000000
0.000000000000
0.000000000000
0.000000000000
0.000000000000
0.000000000000
0.000000000000
0.000000000000
0.000000000000
0.000000000000
0.000000000000
0.000000000000
0.000000000000
0.000000000000
0.000000000000
0.000000000000
0.000000000000
0.000000000000
0.000000000000
0.000000000000
0.000000000000
0.000000000000
0.000000000000
0.000000000000
0.000000000000
0.000000000000
0.000000000000
0.000000000000
0.000000000000
0.000000000000
0.000000000000
0.000000000000
0.000000000000
0.000000000000
0.000000000000
0.000000000000
0.000000000000
0.000000000000
0.000000000000
0.000000000000
0.000000000000
0.000000000000
0.000000000000
0.000000000000
0.000000000000
0.000000000000
0.000000000000
0.000000000000
0.000000000000
0.000000000000
0.000000000000
0.000000000000
0.000000000000
0.000000000000
0.000000000000
0.000000000000
0.000000000000
0.000000000000
0.000000000000
0.000000000000
0.000000000000
0.000000000000
0.000000000000
0.000000000000
0.000000000000
0.000000000000
0.000000000000
0.000000000000
0.000000000000
0.000000000000
0.000000000000
0.000000000000
0.000000000000
