-0.002320076000
-0.002382572000
-0.002294312000
-0.002097509000
-0.002073897000
-0.002189569000
-0.001982721000
-0.001425211000
-0.000932414000
-0.000884866100
-0.001737262000
-0.001635468000
0.001599681000
0.002732345000
-0.001519933000
-0.003347447000
0.000924860100
0.004475244000
0.002436220000
0.000354083600
0.001654616000
0.002709301000
0.002249424000
0.001717827000
0.002598243000
0.005432702000
0.007405290000
0.005747858000
0.002549096000
0.005903100000
0.008876170000
0.004018337000
0.001491827000
0.003343722000
0.009269822000
0.018722040000
0.018427820000
0.003117757000
-0.004097547000
0.009813100000
0.021990600000
0.016187500000
-0.002393330000
-0.009765613000
0.011081290000
0.028333640000
0.018223850000
0.001382175000
-0.005137756000
-0.009195546000
-0.010017310000
0.000236977200
0.017571630000
0.026681710000
0.010124740000
-0.012208310000
-0.011944130000
-0.010189630000
-0.028963070000
-0.039420040000
-0.018205230000
0.018422170000
0.023546070000
-0.015737090000
-0.044305470000
-0.023595010000
0.010509160000
0.015716560000
0.005438817000
0.016989160000
0.049485910000
0.051302940000
0.002484366000
-0.015472170000
0.024414770000
0.057251340000
0.044087240000
-0.008607329000
-0.053752160000
-0.046658510000
0.006843393000
0.019358060000
-0.026754390000
-0.043118120000
0.015663500000
0.066256370000
0.035909470000
-0.015113150000
-0.022537760000
0.002579150000
0.057038170000
0.086221930000
0.057844860000
0.009018611000
-0.023249280000
-0.013838230000
0.016527730000
0.020503410000
-0.014599160000
-0.035328250000
-0.020812070000
0.001859039000
0.025939590000
0.026293250000
-0.032876670000
-0.069585970000
-0.007092352000
0.040085730000
0.006561492000
-0.024213810000
-0.037106460000
-0.036054180000
0.006508399000
0.046506160000
0.009162538000
-0.029781780000
0.004084207000
0.028944830000
-0.006173293000
-0.034018760000
-0.020304580000
-0.008260449000
-0.017775520000
-0.031735340000
-0.024662320000
-0.010883750000
-0.023576520000
-0.040532230000
-0.052331240000
-0.059867240000
-0.021405070000
0.022133890000
0.008598746000
-0.024573750000
-0.040827220000
-0.057028700000
-0.074499360000
-0.060983800000
-0.019332600000
0.008943015000
0.005283574000
0.000267022200
0.000065209160
-0.006648190000
-0.020177820000
-0.015058320000
0.007743516000
0.016566510000
0.013728900000
0.018401210000
0.033105830000
0.036375360000
0.053477860000
0.072002600000
0.081675790000
0.097915470000
0.104868800000
0.098526050000
0.086415150000
0.095045490000
0.106832500000
0.094391480000
0.076422640000
0.068684030000
0.048372210000
0.015509930000
-0.027807790000
-0.050828490000
-0.050117910000
-0.058634160000
-0.076796500000
-0.080371040000
-0.084668070000
-0.115902700000
-0.133604600000
-0.122540500000
-0.073747960000
0.005567449000
0.030831370000
-0.013276260000
-0.032219000000
-0.015213580000
-0.029788950000
-0.061478460000
-0.068496800000
-0.057853340000
-0.051242770000
-0.062278800000
-0.082492200000
-0.090730090000
-0.065661580000
-0.033595560000
-0.033842640000
-0.064490860000
-0.071688330000
-0.037224770000
-0.001956972000
0.022260040000
0.047593130000
0.070343330000
0.076324910000
0.052800950000
0.010279390000
-0.008984215000
-0.018800960000
-0.012363350000
0.021757690000
0.065788170000
0.082959050000
0.041123280000
-0.033778060000
-0.068502800000
-0.004656300000
0.091992330000
0.098166910000
0.023323280000
-0.019008120000
-0.020399130000
0.008399343000
0.050720470000
0.053250400000
-0.006968524000
-0.102048800000
-0.175741400000
-0.198429500000
-0.206033800000
-0.192269300000
-0.108743300000
-0.013730790000
0.029341590000
0.070053190000
0.120197800000
0.171127300000
0.237368100000
0.242468100000
0.180574700000
0.123831600000
0.082822050000
0.027395080000
-0.002588477000
0.010450950000
0.047086090000
0.040953200000
-0.048459710000
-0.083838750000
-0.060728010000
-0.071553120000
-0.132562500000
-0.177314100000
-0.122887800000
0.033737130000
0.194468700000
0.171567900000
0.009945468000
-0.039736770000
0.043479140000
0.103941900000
0.132402700000
0.122905500000
0.051456820000
-0.037284970000
-0.128803300000
-0.144023800000
-0.075837010000
-0.022745050000
0.048548390000
0.072617990000
-0.048515560000
-0.136621800000
-0.091640090000
0.001169324000
0.068112650000
0.064885790000
0.013242610000
-0.026420040000
-0.014431530000
0.033708640000
0.082990390000
0.099945610000
0.053637330000
-0.023304740000
-0.056507060000
-0.062225070000
-0.101389300000
-0.100347700000
-0.003051259000
0.048615760000
0.008209168000
-0.033770580000
-0.043023180000
-0.058462740000
-0.073597020000
-0.045176250000
-0.016505570000
-0.008035394000
0.027374680000
0.112142500000
0.192974800000
0.160161500000
0.038296480000
-0.022796430000
-0.046456980000
-0.099171720000
-0.072572550000
-0.025526860000
-0.016389790000
0.025709910000
0.026221060000
-0.002141454000
-0.017282740000
-0.042600370000
-0.079032190000
-0.119259100000
-0.090957880000
-0.032475290000
-0.006594810000
0.027992460000
0.056310770000
0.014860930000
-0.016848680000
0.020198910000
0.023770250000
-0.003528313000
-0.022634370000
-0.044066610000
-0.024593920000
0.061451250000
0.196974300000
0.313512200000
0.247548800000
-0.046137320000
-0.265249200000
-0.310932400000
-0.210724700000
0.120024500000
0.323890400000
0.294434000000
0.294307700000
0.171250500000
-0.088956630000
-0.260756600000
-0.239063700000
-0.151377400000
-0.159686400000
-0.127322300000
-0.076618240000
-0.116029600000
-0.126104700000
-0.099621440000
-0.002482820000
0.100782900000
0.004350274000
-0.072779550000
-0.007283044000
0.025512950000
0.005967588000
0.044481380000
0.121737300000
0.047290850000
-0.054162350000
0.014403830000
0.036568640000
-0.048741530000
-0.031289670000
0.055409090000
0.056243670000
0.002358634000
-0.029095070000
-0.023689280000
0.023474530000
0.050803490000
0.050893820000
0.026644470000
0.041452160000
0.096792470000
0.088704280000
0.069934220000
0.064940810000
-0.037954860000
-0.155737600000
-0.172937900000
-0.206387700000
-0.230718900000
-0.158244800000
-0.101214800000
-0.067576400000
0.075346440000
0.220902300000
0.192792100000
0.094936920000
0.077709260000
0.057679520000
0.012389050000
0.003377690000
0.057967150000
0.064614570000
-0.013217930000
-0.010848000000
0.080413340000
0.121679600000
0.098027750000
0.089513140000
0.109017800000
0.083713120000
0.000928315500
-0.014257420000
-0.000538231400
-0.012899370000
-0.034692950000
-0.117986800000
-0.191515900000
-0.160233300000
-0.044261350000
0.068550080000
0.088091280000
0.056817390000
0.063706010000
0.076117890000
-0.016873080000
-0.125190500000
-0.070967020000
0.045790490000
0.089668060000
0.093718270000
0.115097800000
0.101758900000
0.092507850000
0.072253590000
-0.053700300000
-0.136687000000
-0.052450750000
0.046009980000
-0.004179491000
-0.087456290000
-0.073615220000
-0.047985460000
-0.075253660000
-0.130758000000
-0.198520700000
-0.142321300000
0.064308410000
0.107230400000
-0.039096980000
-0.054781750000
0.070159970000
0.099665090000
0.101809100000
0.152115800000
0.165254700000
0.106113300000
0.048728650000
0.043799440000
0.053048590000
0.076170190000
0.113026900000
0.078630400000
0.015405600000
-0.013462050000
-0.014769900000
-0.031529560000
-0.092197230000
-0.121303300000
-0.113230900000
-0.119823700000
-0.078832900000
0.022891400000
0.075602960000
0.004917956000
-0.069906600000
-0.005109588000
0.028162670000
-0.046252380000
-0.067875030000
-0.003287743000
0.009928749000
-0.008679252000
-0.001324209000
0.004774773000
-0.009065478000
0.033327190000
0.113479600000
0.150303800000
0.091708990000
-0.030158380000
-0.103587300000
-0.099012400000
-0.092461190000
-0.097732880000
-0.057122370000
0.062478410000
0.112475400000
0.067808470000
0.025289280000
-0.036030070000
-0.052717590000
0.016141280000
0.141170500000
0.190185100000
-0.001551886000
-0.214274500000
-0.161381400000
-0.000988618600
0.042794760000
-0.017932910000
-0.029249150000
0.070041470000
0.130223000000
0.041547180000
-0.083442590000
-0.106582600000
-0.079956570000
-0.083875020000
-0.050758920000
0.030583750000
0.086189090000
0.014301090000
-0.065264020000
0.001402461000
0.027438030000
-0.032918500000
-0.054957310000
-0.060542690000
-0.039586410000
0.036160500000
0.070294130000
0.045978180000
0.038855930000
0.023156790000
0.006048943000
0.045450750000
0.058912950000
0.029547620000
0.022999160000
-0.024502840000
-0.086312420000
-0.088063400000
-0.089827030000
-0.082761640000
-0.044197780000
-0.029933560000
-0.059072580000
-0.052333650000
0.026216650000
0.088580380000
0.084962550000
0.067422890000
0.074296820000
0.070906030000
-0.011287120000
-0.068577820000
-0.010684080000
0.090238190000
0.116977300000
0.016585700000
-0.078529950000
-0.052556590000
-0.006117836000
-0.008689024000
-0.061759670000
-0.078711480000
-0.044760720000
-0.003643797000
0.047170130000
0.052691970000
0.040226860000
0.042980290000
0.015977180000
-0.034368630000
-0.013545290000
0.010657320000
-0.024771760000
-0.018703250000
0.032509570000
0.034490720000
-0.011038490000
-0.024982100000
-0.000942436900
0.019763600000
0.027807970000
0.050202790000
0.042785640000
0.028472720000
0.041485780000
0.057249190000
0.108851900000
0.165809100000
0.147629400000
0.102855700000
0.093968350000
0.042452360000
-0.075963950000
-0.073598770000
0.035593700000
0.041519040000
0.022675970000
0.032697310000
0.014687800000
-0.036918270000
-0.127275200000
-0.168794500000
-0.089874140000
0.020995190000
0.001218551000
-0.048596200000
-0.077972090000
-0.116556600000
-0.051637500000
0.076122730000
0.043133440000
-0.054269150000
-0.039113990000
0.005411036000
0.028248950000
0.034264550000
0.041274770000
0.082100330000
0.154371800000
0.127383300000
-0.063684820000
-0.130159700000
-0.004056825000
0.015466810000
-0.082450840000
-0.161066600000
-0.160245900000
-0.035135280000
0.094796630000
0.127279600000
0.044770530000
-0.130443300000
-0.115345700000
0.101980600000
0.156177300000
-0.010083750000
-0.132359500000
-0.069604250000
0.053029250000
0.075396520000
0.044334720000
0.043628630000
-0.008362352000
-0.103252700000
-0.126318600000
-0.041937380000
0.069425000000
0.062644730000
-0.006553529000
0.035203180000
0.131594600000
0.124818600000
-0.013695840000
-0.139244300000
-0.094250010000
0.037518610000
0.032143910000
-0.032488670000
-0.060306710000
-0.065338950000
-0.068652350000
-0.075311910000
-0.073538300000
-0.071147920000
-0.068683830000
-0.037015740000
-0.020311090000
-0.033486520000
-0.062297760000
-0.083411890000
-0.064196940000
-0.010529020000
0.013867650000
-0.012978390000
-0.042579620000
-0.028947300000
0.016441170000
0.051476700000
0.069839780000
0.045906510000
-0.004598564000
-0.009696650000
0.039027440000
0.057633120000
-0.009413272000
-0.059073550000
-0.016801010000
0.008747799000
-0.044221150000
-0.058678260000
0.000691741100
0.032234870000
-0.003005978000
-0.029418600000
0.004737065000
0.050908740000
0.050151880000
-0.008280589000
-0.058112700000
-0.041032570000
0.008999435000
0.033059030000
0.016031120000
-0.027989440000
-0.067348440000
-0.071880180000
-0.025471060000
0.019418550000
-0.002545788000
-0.045258130000
-0.023877850000
0.030814320000
0.031945180000
0.000418454500
0.006061640000
-0.003135009000
-0.034121910000
-0.043615900000
0.015311140000
0.084427470000
0.052691560000
-0.036410940000
-0.062264670000
-0.033512770000
-0.021157540000
0.030631570000
0.082855940000
0.052100540000
-0.012456300000
-0.030063660000
-0.007892573000
0.005500543000
0.030284650000
0.039652850000
0.027288790000
0.009865171000
0.030000590000
0.061140300000
0.039136830000
-0.006209707000
-0.030734800000
-0.043501710000
-0.046277300000
-0.013527370000
0.037824490000
0.059025110000
0.026414660000
0.004986518000
0.018982910000
0.023822670000
0.003840915000
-0.018951900000
-0.045098420000
-0.058591630000
-0.054791320000
-0.020160100000
0.006477059000
-0.021770720000
-0.047610400000
-0.051591200000
-0.047504340000
-0.031952370000
-0.016592720000
-0.002725728000
-0.006301993000
-0.019276930000
-0.007613948000
0.005281982000
0.005515341000
-0.015436870000
-0.018269640000
0.028798550000
0.052889450000
0.025028230000
-0.013952810000
-0.027894580000
0.004179990000
0.050335240000
0.044810150000
0.008929576000
-0.005764778000
-0.007755867000
0.017049260000
0.050131180000
0.034829290000
-0.003506207000
0.011325740000
0.079406020000
0.096237040000
-0.010065540000
-0.090891180000
-0.009123865000
0.034874780000
-0.020294530000
-0.038377190000
-0.017415470000
0.002634743000
0.006410278000
-0.002977696000
-0.020512190000
-0.030240230000
-0.029711560000
-0.018755460000
0.019867970000
0.047373410000
0.024444740000
0.003406313000
0.013443690000
0.000317546300
-0.011544150000
0.022414170000
0.050111450000
0.021771600000
-0.013634530000
-0.015370320000
-0.007436481000
-0.007262489000
-0.016279980000
-0.009408322000
0.007455358000
0.004302308000
-0.002636043000
0.015205950000
0.015516310000
0.016527140000
0.051781660000
0.068759380000
0.026584370000
-0.002051281000
0.026166120000
0.038259130000
0.007790039000
-0.010510880000
0.008628946000
0.027571970000
0.021070390000
0.003187030000
-0.003332519000
0.007186034000
0.026329940000
0.035799260000
0.029918260000
0.013311880000
-0.003005512000
-0.006364375000
-0.007436649000
-0.027404300000
-0.039845570000
-0.025627470000
-0.017241390000
-0.035346180000
-0.029566200000
-0.005041549000
-0.021104510000
-0.056591300000
-0.049810100000
0.001318981000
0.020402270000
-0.007892816000
-0.025493040000
-0.010113010000
0.012103620000
0.023128670000
0.021396900000
0.019868850000
0.023280940000
0.022888440000
0.015490060000
0.014393060000
0.005162093000
-0.037556130000
-0.054235260000
-0.030514530000
-0.005628106000
0.022533860000
0.053983970000
0.065554870000
0.055039810000
0.047978640000
0.045673200000
0.066203270000
0.081832320000
0.046289350000
-0.010297530000
-0.010015790000
0.050946770000
0.056757570000
0.023066860000
0.040055130000
0.071441800000
0.050081420000
0.015399520000
0.017893620000
0.024455610000
0.001476514000
-0.038646410000
-0.052638660000
-0.023892050000
-0.009880385000
-0.037434920000
-0.061113610000
-0.031452490000
0.006238840000
-0.009530361000
-0.032823520000
-0.037015780000
-0.037724610000
-0.016089790000
0.015342320000
0.029717490000
0.034621680000
0.041646060000
0.036793840000
0.017497380000
-0.001846652000
-0.011308980000
-0.008735772000
-0.006114387000
-0.003038011000
0.017899090000
0.041063670000
0.026097310000
-0.021562210000
-0.046983960000
-0.021696710000
0.013699500000
0.028141410000
0.005344299000
-0.037138240000
-0.046981980000
-0.040975700000
-0.038723880000
-0.036324720000
-0.027102430000
-0.017870700000
0.010857690000
0.050150890000
0.049183750000
-0.016169910000
-0.055129880000
-0.020449710000
0.009660366000
0.015332170000
0.007249031000
-0.004879172000
0.000738820800
0.007065607000
0.001655735000
0.003084614000
0.012701890000
-0.009063124000
-0.035538540000
-0.022862140000
0.001842417000
0.026455170000
0.050958630000
0.038453890000
-0.009461885000
-0.020227770000
0.021102560000
0.022413130000
-0.029883710000
-0.042347880000
-0.012443190000
0.002769934000
0.000991262200
-0.010117690000
-0.025630160000
-0.025731360000
-0.022291920000
-0.020880550000
-0.011864880000
-0.005762685000
0.006776379000
0.020601120000
0.011008120000
-0.009296994000
-0.026870010000
-0.015387260000
0.023663020000
0.030731460000
0.000560193700
-0.013361240000
-0.002431464000
-0.001456129000
-0.004278714000
-0.000419335800
0.000664532000
-0.008901223000
-0.007490846000
0.005828444000
0.000041204710
-0.022777630000
-0.037484530000
-0.034110420000
-0.024897390000
-0.016026640000
0.003784416000
0.021292890000
0.017291090000
0.004495441000
-0.009398066000
-0.017438740000
-0.013139400000
-0.015995270000
-0.025209890000
-0.018238680000
-0.005414011000
-0.000022016050
-0.000495817100
-0.002476519000
-0.001656745000
0.000860354500
0.000348259300
-0.002373456000
-0.005315468000
-0.008806967000
-0.006299480000
0.002913506000
0.005656070000
0.001688702000
0.000539951700
0.001121464000
-0.001053067000
-0.002641880000
-0.001289834000
0.000221889600
0.000627100800
0.000086173340
0.000074466020
0.001519218000
0.002813278000
0.003156989000
0.003078532000
0.003208043000
0.003426723000
0.003532092000
0.003702095000
0.004056780000
0.004476133000
0.004774312000
0.005010347000
0.005250033000
0.005490064000
0.005733379000
0.005964367000
0.006183661000
0.006398234000
0.006600952000
0.006788511000
0.006962448000
0.007122274000
0.000000000000
0.000000000000
0.000000000000
0.000000000000
0.000000000000
0.000000000000
0.000000000000
0.000000000000
0.000000000000
0.000000000000
0.000000000000
0.000000000000
0.000000000000
0.000000000000
0.000000000000
0.000000000000
0.000000000000
0.000000000000
0.000000000000
0.000000000000
0.000000000000
0.000000000000
0.000000000000
0.000000000000
0.000000000000
0.000000000000
0.000000000000
0.000000000000
0.000000000000
0.000000000000
0.000000000000
0.000000000000
0.000000000000
0.000000000000
0.000000000000
0.000000000000
0.000000000000
0.000000000000
0.000000000000
0.000000000000
0.000000000000
0.000000000000
0.000000000000
0.000000000000
0.000000000000
0.000000000000
0.000000000000
0.000000000000
0.000000000000
0.000000000000
0.000000000000
0.000000000000
0.000000000000
0.000000000000
0.000000000000
0.000000000000
0.000000000000
0.000000000000
0.000000000000
0.000000000000
0.000000000000
0.000000000000
0.000000000000
0.000000000000
0.000000000000
0.000000000000
0.000000000000
0.000000000000
0.000000000000
0.000000000000
0.000000000000
0.000000000000
0.000000000000
0.000000000000
0.000000000000
0.000000000000
0.000000000000
0.000000000000
0.000000000000
0.000000000000
0.000000000000
0.000000000000
0.000000000000
0.000000000000
0.000000000000
0.000000000000
0.000000000000
0.000000000000
0.000000000000
0.000000000000
0.000000000000
0.000000000000
0.000000000000
0.000000000000
0.000000000000
0.000000000000
0.000000000000
0.000000000000
0.000000000000
0.000000000000
0.000000000000
0.000000000000
0.000000000000
0.000000000000
0.000000000000
0.000000000000
0.000000000000
0.000000000000
0.000000000000
0.000000000000
0.000000000000
0.000000000000
0.000000000000
0.000000000000
0.000000000000
0.000000000000
0.000000000000
0.000000000000
0.000000000000
0.000000000000
0.000000000000
0.000000000000
0.000000000000
0.000000000000
0.000000000000
0.000000000000
0.000000000000
0.000000000000
0.000000000000
0.000000000000
0.000000000000
0.000000000000
0.000000000000
0.000000000000
0.000000000000
0.000000000000
0.000000000000
0.000000000000
0.000000000000
0.000000000000
0.000000000000
0.000000000000
0.000000000000
0.000000000000
0.000000000000
0.000000000000
0.000000000000
0.000000000000
0.000000000000
0.000000000000
0.000000000000
0.000000000000
0.000000000000
0.000000000000
0.000000000000
0.000000000000
0.000000000000
0.000000000000
0.000000000000
0.000000000000
0.000000000000
0.000000000000
0.000000000000
0.000000000000
0.000000000000
0.000000000000
0.000000000000
0.000000000000
0.000000000000
0.000000000000
0.000000000000
0.000000000000
0.000000000000
0.000000000000
0.000000000000
0.000000000000
0.000000000000
0.000000000000
0.000000000000
0.000000000000
0.000000000000
0.000000000000
0.000000000000
0.000000000000
0.000000000000
0.000000000000
0.000000000000
0.000000000000
0.000000000000
0.000000000000
0.000000000000
0.000000000000
0.000000000000
0.000000000000
0.000000000000
0.000000000000
0.000000000000
0.000000000000
0.000000000000
0.000000000000
0.000000000000
0.000000000000
0.000000000000
0.000000000000
0.000000000000
0.000000000000
0.000000000000
0.000000000000
0.000000000000
0.000000000000
0.000000000000
0.000000000000
0.000000000000
0.000000000000
0.000000000000
0.000000000000
0.000000000000
0.000000000000
0.000000000000
0.000000000000
0.000000000000
0.000000000000
0.000000000000
0.000000000000
0.000000000000
0.000000000000
0.000000000000
0.000000000000
0.000000000000
0.000000000000
0.000000000000
0.000000000000
0.000000000000
0.000000000000
0.000000000000
0.000000000000
0.000000000000
0.000000000000
0.000000000000
0.000000000000
0.000000000000
0.000000000000
0.000000000000
0.000000000000
0.000000000000
0.000000000000
0.000000000000
0.000000000000
0.000000000000
0.000000000000
