1 RSN286_ITALY_A-BIS000.txt 0.002900    14916 1.98887334
2 RSN1511_CHICHI_TCU076-E.txt 0.005000    19000 0.73597876
3 RSN1521_CHICHI_TCU089-E.txt 0.005000    19000 1.29672286
4 RSN1541_CHICHI_TCU116-E.txt 0.005000    19000 0.96652950
5 RSN3750_CAPEMEND_LFS270.txt 0.005000     6736 1.02162306
6 RSN3947_TOTTORI_SMNH01NS.txt 0.005000    61000 1.82817280
7 RSN3964_TOTTORI_TTR007NS.txt 0.010000    24524 2.15433114
8 RSN4852_CHUETSU_65018NS.txt 0.010000     6500 4.00000000
9 RSN4882_CHUETSU_65321NS.txt 0.010000    12500 2.03815026
10 RSN6928_DARFIELD_LPCCN80E.txt 0.005000    11725 2.31969383
11 RSN8166_DUZCE_498-NS.txt 0.004000    10001 2.09599219
12 RSN286_ITALY_A-BIS270.txt 0.002900    14916 1.98887334
13 RSN1511_CHICHI_TCU076-N.txt 0.005000    19000 0.73597876
14 RSN1521_CHICHI_TCU089-N.txt 0.005000    19000 1.29672286
15 RSN1541_CHICHI_TCU116-N.txt 0.005000    19000 0.96652950
16 RSN3750_CAPEMEND_LFS360.txt 0.005000     6737 1.02162306
17 RSN3947_TOTTORI_SMNH01EW.txt 0.005000    61000 1.82817280
18 RSN3964_TOTTORI_TTR007EW.txt 0.010000    24524 2.15433114
19 RSN4852_CHUETSU_65018EW.txt 0.010000     6500 4.00000000
20 RSN4882_CHUETSU_65321EW.txt 0.010000    12500 2.03815026
21 RSN6928_DARFIELD_LPCCS10E.txt 0.005000    11725 2.31969383
22 RSN8166_DUZCE_498-EW.txt 0.004000    10001 2.09599219
